3993 4120
0 1 -1
0 2 -1
1 3 -1
1 4 -1
2 5 -1
2 6 -1
3 7 -1
3 8 -1
4 9 -1
4 10 -1
5 11 -1
5 12 -1
6 13 -1
6 14 -1
7 15 -1
7 16 -1
8 17 -1
8 18 -1
9 19 -1
9 20 -1
10 21 -1
10 22 -1
11 23 -1
11 24 -1
12 25 -1
12 26 -1
13 27 -1
13 28 -1
14 29 -1
14 30 -1
15 31 -1
15 32 -1
16 33 -1
16 34 -1
17 35 -1
17 36 -1
18 37 -1
18 38 -1
19 39 -1
19 40 -1
20 41 -1
20 42 -1
21 43 -1
21 44 -1
22 45 -1
22 46 -1
23 47 -1
23 48 -1
24 49 -1
24 50 -1
25 51 -1
25 52 -1
26 53 -1
26 54 -1
27 55 -1
27 56 -1
28 57 -1
28 58 -1
29 59 -1
29 60 -1
30 61 -1
30 62 -1
31 63 -1
31 64 -1
32 65 -1
32 66 -1
33 67 -1
33 68 -1
34 69 -1
34 70 -1
35 71 -1
35 72 -1
36 73 -1
36 74 -1
37 75 -1
37 76 -1
38 77 -1
38 78 -1
39 79 -1
39 80 -1
40 81 -1
40 82 -1
41 83 -1
41 84 -1
42 85 -1
42 86 -1
43 87 -1
43 88 -1
44 89 -1
44 90 -1
45 91 -1
45 92 -1
46 93 -1
46 94 -1
47 95 -1
47 96 -1
48 97 -1
48 98 -1
49 99 -1
49 100 -1
50 101 -1
50 102 -1
51 103 -1
51 104 -1
52 105 -1
52 106 -1
53 107 -1
53 108 -1
54 109 -1
54 110 -1
55 111 -1
55 112 -1
56 113 -1
56 114 -1
57 115 -1
57 116 -1
58 117 -1
58 118 -1
59 119 -1
59 120 -1
60 121 -1
60 122 -1
61 123 -1
61 124 -1
62 125 -1
62 126 -1
63 149 22
63 290 163
63 468 341
63 493 366
63 494 367
63 513 386
63 1144 1017
63 1157 1030
63 1180 1053
63 1192 1065
63 1285 1158
63 1387 1260
63 1418 1291
63 1591 1464
63 1620 1493
63 1668 1541
63 1768 1641
63 1771 1644
63 1818 1691
63 1869 1742
63 1965 1838
63 2035 1908
63 2041 1914
63 2051 1924
63 2173 2046
63 2178 2051
63 2320 2193
63 2415 2288
63 2506 2379
63 2551 2424
63 2581 2454
63 2583 2456
63 2589 2462
63 2590 2463
63 2648 2521
63 2682 2555
63 2701 2574
63 2758 2631
63 2865 2738
63 2951 2824
63 3051 2924
63 3122 2995
63 3266 3139
63 3342 3215
63 3393 3266
63 3460 3333
63 3473 3346
63 3564 3437
63 3632 3505
63 3689 3562
63 3722 3595
63 3787 3660
63 3837 3710
63 3888 3761
63 3889 3762
63 3902 3775
63 3903 3776
63 3913 3786
63 3915 3788
63 3942 3815
63 3965 3838
63 3971 3844
63 3976 3849
64 377 250
64 381 254
64 394 267
64 501 374
64 502 375
64 735 608
64 826 699
64 1019 892
64 1100 973
64 1111 984
64 1112 985
64 1291 1164
64 1638 1511
64 1650 1523
64 1778 1651
64 1858 1731
64 2174 2047
64 2191 2064
64 2286 2159
64 2313 2186
64 2328 2201
64 2482 2355
64 2643 2516
64 2798 2671
64 2885 2758
64 2939 2812
64 2961 2834
64 2964 2837
64 3027 2900
64 3039 2912
64 3175 3048
64 3244 3117
64 3269 3142
64 3329 3202
64 3365 3238
64 3416 3289
64 3454 3327
64 3468 3341
64 3490 3363
64 3495 3368
64 3558 3431
64 3572 3445
64 3606 3479
64 3611 3484
64 3625 3498
64 3652 3525
64 3655 3528
64 3692 3565
64 3709 3582
64 3718 3591
64 3811 3684
64 3812 3685
64 3831 3704
64 3910 3783
64 3911 3784
64 3946 3819
64 3951 3824
64 3957 3830
64 3962 3835
64 3977 3850
64 3978 3851
64 4049 3922
65 328 201
65 584 457
65 799 672
65 1511 1384
65 1572 1445
65 2017 1890
65 2192 2065
65 2303 2176
65 2498 2371
65 2510 2383
65 2615 2488
65 2788 2661
65 2949 2822
65 2957 2830
65 3014 2887
65 3068 2941
65 3079 2952
65 3080 2953
65 3134 3007
65 3163 3036
65 3190 3063
65 3191 3064
65 3192 3065
65 3204 3077
65 3209 3082
65 3213 3086
65 3225 3098
65 3226 3099
65 3227 3100
65 3228 3101
65 3232 3105
65 3233 3106
65 3238 3111
65 3239 3112
65 3240 3113
65 3242 3115
65 3294 3167
65 3439 3312
65 3533 3406
65 3614 3487
65 3674 3547
65 3735 3608
65 3737 3610
65 3738 3611
65 3739 3612
65 3740 3613
65 3744 3617
65 3746 3619
65 3747 3620
65 3748 3621
65 3749 3622
65 3750 3623
65 3751 3624
65 3752 3625
65 3756 3629
65 3757 3630
65 3758 3631
65 3759 3632
65 3760 3633
65 3763 3636
65 3764 3637
65 3765 3638
65 3972 3845
66 692 565
66 1392 1265
66 2018 1891
66 2052 1925
66 2067 1940
66 2205 2078
66 2223 2096
66 2335 2208
66 2389 2262
66 2403 2276
66 2481 2354
66 2513 2386
66 2532 2405
66 2565 2438
66 2588 2461
66 2697 2570
66 2841 2714
66 2887 2760
66 2905 2778
66 2935 2808
66 2976 2849
66 3078 2951
66 3081 2954
66 3137 3010
66 3173 3046
66 3174 3047
66 3189 3062
66 3193 3066
66 3201 3074
66 3202 3075
66 3203 3076
66 3206 3079
66 3207 3080
66 3208 3081
66 3210 3083
66 3211 3084
66 3212 3085
66 3214 3087
66 3215 3088
66 3216 3089
66 3217 3090
66 3218 3091
66 3219 3092
66 3220 3093
66 3222 3095
66 3223 3096
66 3229 3102
66 3230 3103
66 3234 3107
66 3236 3109
66 3399 3272
66 3414 3287
66 3415 3288
66 3488 3361
66 3525 3398
66 3526 3399
66 3568 3441
66 3569 3442
66 3684 3557
66 3761 3634
66 3813 3686
66 4045 3918
67 281 154
67 288 161
67 611 484
67 612 485
67 613 486
67 683 556
67 729 602
67 1254 1127
67 1275 1148
67 1307 1180
67 1351 1224
67 1353 1226
67 1376 1249
67 1434 1307
67 1436 1309
67 1444 1317
67 1466 1339
67 1493 1366
67 1669 1542
67 1755 1628
67 1883 1756
67 1884 1757
67 1908 1781
67 1910 1783
67 2026 1899
67 2028 1901
67 2029 1902
67 2062 1935
67 2088 1961
67 2118 1991
67 2150 2023
67 2169 2042
67 2188 2061
67 2224 2097
67 2243 2116
67 2244 2117
67 2247 2120
67 2317 2190
67 2442 2315
67 2455 2328
67 2561 2434
67 2577 2450
67 2804 2677
67 2940 2813
67 2958 2831
67 2959 2832
67 2960 2833
67 3085 2958
67 3086 2959
67 3120 2993
67 3245 3118
67 3247 3120
67 3248 3121
67 3284 3157
67 3360 3233
67 3405 3278
67 3457 3330
67 3458 3331
67 3717 3590
67 3729 3602
67 3794 3667
67 3818 3691
67 3969 3842
68 141 14
68 143 16
68 264 137
68 333 206
68 352 225
68 396 269
68 505 378
68 517 390
68 563 436
68 580 453
68 906 779
68 907 780
68 908 781
68 1172 1045
68 1321 1194
68 1417 1290
68 1432 1305
68 1520 1393
68 1521 1394
68 1559 1432
68 1618 1491
68 1619 1492
68 1637 1510
68 1639 1512
68 1640 1513
68 1654 1527
68 1690 1563
68 1738 1611
68 1739 1612
68 1752 1625
68 1753 1626
68 1871 1744
68 1940 1813
68 1941 1814
68 1942 1815
68 1986 1859
68 1987 1860
68 2148 2021
68 2168 2041
68 2238 2111
68 2365 2238
68 2366 2239
68 2368 2241
68 2369 2242
68 2404 2277
68 2453 2326
68 2490 2363
68 2563 2436
68 2613 2486
68 2644 2517
68 2655 2528
68 2741 2614
68 2917 2790
68 3110 2983
68 3138 3011
68 3307 3180
68 3327 3200
68 3578 3451
68 3678 3551
68 3679 3552
68 3921 3794
68 4055 3928
69 319 192
69 567 440
69 636 509
69 647 520
69 664 537
69 836 709
69 1009 882
69 1023 896
69 1150 1023
69 1286 1159
69 1337 1210
69 1420 1293
69 1500 1373
69 1594 1467
69 1647 1520
69 1655 1528
69 1703 1576
69 1706 1579
69 1707 1580
69 1708 1581
69 1763 1636
69 1938 1811
69 1962 1835
69 1981 1854
69 2077 1950
69 2149 2022
69 2164 2037
69 2229 2102
69 2290 2163
69 2387 2260
69 2390 2263
69 2397 2270
69 2412 2285
69 2414 2287
69 2578 2451
69 2742 2615
69 2787 2660
69 2815 2688
69 2870 2743
69 2933 2806
69 3071 2944
69 3108 2981
69 3109 2982
69 3153 3026
69 3261 3134
69 3262 3135
69 3387 3260
69 3450 3323
69 3465 3338
69 3520 3393
69 3521 3394
69 3524 3397
69 3660 3533
69 3662 3535
69 3791 3664
69 3803 3676
69 3880 3753
69 3885 3758
69 3964 3837
69 4005 3878
69 4006 3879
69 4043 3916
69 4044 3917
70 541 414
70 790 663
70 1338 1211
70 1402 1275
70 1403 1276
70 1404 1277
70 1456 1329
70 1457 1330
70 1458 1331
70 1459 1332
70 2309 2182
70 2311 2184
70 2355 2228
70 2398 2271
70 2441 2314
70 2542 2415
70 2582 2455
70 2631 2504
70 2651 2524
70 2669 2542
70 2681 2554
70 2707 2580
70 2708 2581
70 2715 2588
70 2891 2764
70 2901 2774
70 2902 2775
70 2934 2807
70 3124 2997
70 3140 3013
70 3141 3014
70 3142 3015
70 3143 3016
70 3144 3017
70 3145 3018
70 3146 3019
70 3147 3020
70 3148 3021
70 3149 3022
70 3150 3023
70 3151 3024
70 3152 3025
70 3165 3038
70 3166 3039
70 3167 3040
70 3168 3041
70 3169 3042
70 3176 3049
70 3177 3050
70 3178 3051
70 3179 3052
70 3180 3053
70 3181 3054
70 3184 3057
70 3185 3058
70 3186 3059
70 3187 3060
70 3195 3068
70 3197 3070
70 3198 3071
70 3594 3467
70 3664 3537
71 720 593
71 746 619
71 762 635
71 841 714
71 978 851
71 1028 901
71 1661 1534
71 1662 1535
71 1663 1536
71 1664 1537
71 1665 1538
71 1666 1539
71 1680 1553
71 1681 1554
71 1682 1555
71 1683 1556
71 1756 1629
71 1779 1652
71 1780 1653
71 1854 1727
71 1861 1734
71 1862 1735
71 2912 2785
71 3004 2877
71 3044 2917
71 3045 2918
71 3117 2990
71 3118 2991
71 3157 3030
71 3160 3033
71 3194 3067
71 3268 3141
71 3276 3149
71 3302 3175
71 3303 3176
71 3336 3209
71 3369 3242
71 3403 3276
71 3431 3304
71 3486 3359
71 3487 3360
71 3494 3367
71 3555 3428
71 3559 3432
71 3562 3435
71 3582 3455
71 3630 3503
71 3631 3504
71 3638 3511
71 3651 3524
71 3701 3574
71 3733 3606
71 3771 3644
71 3817 3690
71 3839 3712
71 3892 3765
71 3899 3772
71 3919 3792
71 3927 3800
71 3943 3816
71 3950 3823
71 4059 3932
71 4060 3933
72 134 7
72 531 404
72 532 405
72 638 511
72 1113 986
72 1114 987
72 1130 1003
72 1196 1069
72 1197 1070
72 1198 1071
72 1199 1072
72 1320 1193
72 1438 1311
72 1439 1312
72 1588 1461
72 1660 1533
72 2291 2164
72 2385 2258
72 2491 2364
72 2536 2409
72 2659 2532
72 2673 2546
72 2777 2650
72 3084 2957
72 3087 2960
72 3088 2961
72 3089 2962
72 3158 3031
72 3196 3069
72 3285 3158
72 3286 3159
72 3287 3160
72 3297 3170
72 3298 3171
72 3299 3172
72 3300 3173
72 3304 3177
72 3310 3183
72 3325 3198
72 3348 3221
72 3349 3222
72 3358 3231
72 3361 3234
72 3362 3235
72 3363 3236
72 3364 3237
72 3366 3239
72 3409 3282
72 3426 3299
72 3489 3362
72 3497 3370
72 3498 3371
72 3499 3372
72 3581 3454
72 3613 3486
72 3635 3508
72 3636 3509
72 3693 3566
72 3772 3645
72 3773 3646
72 4000 3873
72 4058 3931
73 252 125
73 321 194
73 439 312
73 491 364
73 640 513
73 643 516
73 734 607
73 1547 1420
73 1549 1422
73 1632 1505
73 1659 1532
73 1677 1550
73 1678 1551
73 1679 1552
73 1687 1560
73 1724 1597
73 1766 1639
73 1767 1640
73 1855 1728
73 1857 1730
73 1876 1749
73 1950 1823
73 2283 2156
73 2356 2229
73 2364 2237
73 2396 2269
73 2430 2303
73 2503 2376
73 2699 2572
73 2757 2630
73 2978 2851
73 3090 2963
73 3161 3034
73 3274 3147
73 3275 3148
73 3277 3150
73 3278 3151
73 3331 3204
73 3372 3245
73 3432 3305
73 3434 3307
73 3540 3413
73 3584 3457
73 3585 3458
73 3605 3478
73 3637 3510
73 3665 3538
73 3683 3556
73 3694 3567
73 3695 3568
73 3696 3569
73 3742 3615
73 3743 3616
73 3774 3647
73 3775 3648
73 3924 3797
73 3931 3804
73 3936 3809
73 4003 3876
73 4007 3880
73 4008 3881
73 4076 3949
73 4106 3979
74 145 18
74 244 117
74 323 196
74 392 265
74 496 369
74 741 614
74 769 642
74 775 648
74 838 711
74 839 712
74 840 713
74 910 783
74 920 793
74 923 796
74 1013 886
74 1015 888
74 1063 936
74 1129 1002
74 1202 1075
74 1288 1161
74 1437 1310
74 1649 1522
74 1761 1634
74 1773 1646
74 1865 1738
74 1867 1740
74 1943 1816
74 1946 1819
74 2092 1965
74 2093 1966
74 2189 2062
74 2395 2268
74 2437 2310
74 2527 2400
74 2844 2717
74 2954 2827
74 2998 2871
74 3099 2972
74 3265 3138
74 3343 3216
74 3357 3230
74 3359 3232
74 3370 3243
74 3388 3261
74 3398 3271
74 3433 3306
74 3456 3329
74 3619 3492
74 3690 3563
74 3810 3683
74 3843 3716
74 3925 3798
74 4056 3929
74 4077 3950
74 4104 3977
74 4107 3980
74 4108 3981
74 4109 3982
74 4111 3984
74 4112 3985
74 4114 3987
74 4117 3990
75 289 162
75 624 497
75 629 502
75 641 514
75 645 518
75 772 645
75 879 752
75 1176 1049
75 1191 1064
75 1252 1125
75 1272 1145
75 1454 1327
75 1548 1421
75 1602 1475
75 1656 1529
75 1684 1557
75 1685 1558
75 1691 1564
75 1863 1736
75 1971 1844
75 1976 1849
75 1993 1866
75 2020 1893
75 2022 1895
75 2023 1896
75 2175 2048
75 2274 2147
75 2285 2158
75 2295 2168
75 2346 2219
75 2359 2232
75 2661 2534
75 2889 2762
75 2911 2784
75 2966 2839
75 2984 2857
75 3024 2897
75 3061 2934
75 3104 2977
75 3133 3006
75 3170 3043
75 3171 3044
75 3257 3130
75 3305 3178
75 3311 3184
75 3319 3192
75 3323 3196
75 3344 3217
75 3407 3280
75 3408 3281
75 3435 3308
75 3565 3438
75 3577 3450
75 3583 3456
75 3624 3497
75 3626 3499
75 3754 3627
75 3815 3688
75 3866 3739
75 3914 3787
75 3923 3796
75 3926 3799
75 3961 3834
76 383 256
76 587 460
76 639 512
76 651 524
76 732 605
76 1022 895
76 1281 1154
76 1590 1463
76 1633 1506
76 1674 1547
76 1874 1747
76 1875 1748
76 1972 1845
76 2044 1917
76 2072 1945
76 2073 1946
76 2100 1973
76 2101 1974
76 2181 2054
76 2183 2056
76 2259 2132
76 2268 2141
76 2269 2142
76 2275 2148
76 2371 2244
76 2431 2304
76 2633 2506
76 2634 2507
76 2811 2684
76 2941 2814
76 2981 2854
76 2982 2855
76 2983 2856
76 3001 2874
76 3015 2888
76 3046 2919
76 3057 2930
76 3082 2955
76 3128 3001
76 3129 3002
76 3139 3012
76 3155 3028
76 3172 3045
76 3312 3185
76 3318 3191
76 3418 3291
76 3466 3339
76 3502 3375
76 3587 3460
76 3612 3485
76 3661 3534
76 3728 3601
76 3766 3639
76 3868 3741
76 3869 3742
76 3870 3743
76 3871 3744
76 3907 3780
76 3916 3789
76 3970 3843
76 3979 3852
76 4088 3961
77 581 454
77 582 455
77 591 464
77 871 744
77 1359 1232
77 1395 1268
77 1422 1295
77 1540 1413
77 1709 1582
77 1710 1583
77 1772 1645
77 1805 1678
77 1968 1841
77 2009 1882
77 2010 1883
77 2011 1884
77 2012 1885
77 2013 1886
77 2014 1887
77 2098 1971
77 2099 1972
77 2138 2011
77 2152 2025
77 2167 2040
77 2264 2137
77 2292 2165
77 2330 2203
77 2333 2206
77 2334 2207
77 2392 2265
77 2393 2266
77 2436 2309
77 2595 2468
77 2596 2469
77 2680 2553
77 2750 2623
77 2827 2700
77 2990 2863
77 2991 2864
77 3048 2921
77 3049 2922
77 3053 2926
77 3260 3133
77 3321 3194
77 3341 3214
77 3444 3317
77 3445 3318
77 3446 3319
77 3556 3429
77 3557 3430
77 3634 3507
77 3644 3517
77 3807 3680
77 3821 3694
77 3822 3695
77 3906 3779
77 3945 3818
77 3996 3869
77 4022 3895
77 4023 3896
77 4072 3945
77 4074 3947
78 282 155
78 291 164
78 382 255
78 649 522
78 689 562
78 748 621
78 777 650
78 791 664
78 1195 1068
78 1217 1090
78 1287 1160
78 1386 1259
78 1443 1316
78 1445 1318
78 1476 1349
78 1743 1616
78 1937 1810
78 2021 1894
78 2027 1900
78 2070 1943
78 2089 1962
78 2159 2032
78 2296 2169
78 2575 2448
78 2594 2467
78 2660 2533
78 2683 2556
78 2730 2603
78 2784 2657
78 2816 2689
78 2836 2709
78 2977 2850
78 3256 3129
78 3324 3197
78 3371 3244
78 3400 3273
78 3459 3332
78 3479 3352
78 3508 3381
78 3513 3386
78 3539 3412
78 3560 3433
78 3597 3470
78 3623 3496
78 3642 3515
78 3656 3529
78 3698 3571
78 3726 3599
78 3785 3658
78 3795 3668
78 3796 3669
78 3798 3671
78 3799 3672
78 3830 3703
78 3840 3713
78 3857 3730
78 3872 3745
78 3886 3759
78 3940 3813
78 3941 3814
78 3960 3833
78 4004 3877
79 138 11
79 632 505
79 982 855
79 1166 1039
79 1597 1470
79 1803 1676
79 1804 1677
79 1822 1695
79 1909 1782
79 1911 1784
79 1945 1818
79 2015 1888
79 2058 1931
79 2112 1985
79 2139 2012
79 2210 2083
79 2248 2121
79 2251 2124
79 2277 2150
79 2316 2189
79 2351 2224
79 2382 2255
79 2555 2428
79 2621 2494
79 2671 2544
79 2672 2545
79 2676 2549
79 2718 2591
79 2719 2592
79 2736 2609
79 2756 2629
79 2765 2638
79 2805 2678
79 2919 2792
79 2965 2838
79 2969 2842
79 2979 2852
79 3020 2893
79 3021 2894
79 3022 2895
79 3050 2923
79 3097 2970
79 3098 2971
79 3136 3009
79 3246 3119
79 3249 3122
79 3250 3123
79 3283 3156
79 3316 3189
79 3335 3208
79 3346 3219
79 3374 3247
79 3375 3248
79 3386 3259
79 3389 3262
79 3390 3263
79 3396 3269
79 3397 3270
79 3484 3357
79 3541 3414
79 3865 3738
79 3894 3767
79 4105 3978
80 127 0
80 139 12
80 669 542
80 695 568
80 696 569
80 1003 876
80 1078 951
80 1160 1033
80 1334 1207
80 1363 1236
80 1369 1242
80 1372 1245
80 1388 1261
80 1389 1262
80 1391 1264
80 1488 1361
80 1575 1448
80 1604 1477
80 1715 1588
80 1783 1656
80 1828 1701
80 1925 1798
80 2069 1942
80 2288 2161
80 2319 2192
80 2375 2248
80 2454 2327
80 2635 2508
80 2684 2557
80 2685 2558
80 2700 2573
80 2734 2607
80 2747 2620
80 2767 2640
80 2829 2702
80 2832 2705
80 2945 2818
80 2946 2819
80 3017 2890
80 3018 2891
80 3052 2925
80 3056 2929
80 3058 2931
80 3059 2932
80 3291 3164
80 3467 3340
80 3480 3353
80 3481 3354
80 3482 3355
80 3483 3356
80 3504 3377
80 3700 3573
80 3703 3576
80 3824 3697
80 3825 3698
80 3826 3699
80 3846 3719
80 4053 3926
80 4091 3964
80 4100 3973
80 4101 3974
80 4103 3976
81 310 183
81 521 394
81 522 395
81 608 481
81 631 504
81 633 506
81 731 604
81 733 606
81 1080 953
81 1333 1206
81 1352 1225
81 1481 1354
81 1595 1468
81 1657 1530
81 1719 1592
81 1720 1593
81 1813 1686
81 1814 1687
81 1947 1820
81 2177 2050
81 2331 2204
81 2425 2298
81 2426 2299
81 2427 2300
81 2494 2367
81 2717 2590
81 2886 2759
81 2929 2802
81 3272 3145
81 3280 3153
81 3306 3179
81 3451 3324
81 3452 3325
81 3461 3334
81 3462 3335
81 3514 3387
81 3516 3389
81 3547 3420
81 3699 3572
81 3719 3592
81 3720 3593
81 3723 3596
81 3777 3650
81 3780 3653
81 3848 3721
81 3863 3736
81 3939 3812
81 4071 3944
81 4073 3946
81 4075 3948
81 4078 3951
81 4082 3955
81 4083 3956
81 4085 3958
81 4086 3959
81 4089 3962
81 4090 3963
81 4092 3965
81 4093 3966
81 4095 3968
81 4110 3983
81 4118 3991
81 4119 3992
82 630 503
82 881 754
82 1004 877
82 1081 954
82 1193 1066
82 1194 1067
82 1242 1115
82 1542 1415
82 1560 1433
82 1586 1459
82 1712 1585
82 1718 1591
82 1852 1725
82 1853 1726
82 2001 1874
82 2059 1932
82 2128 2001
82 2176 2049
82 2208 2081
82 2209 2082
82 2254 2127
82 2293 2166
82 2380 2253
82 2405 2278
82 2418 2291
82 2419 2292
82 2420 2293
82 2424 2297
82 2500 2373
82 2518 2391
82 2521 2394
82 2698 2571
82 2712 2585
82 2713 2586
82 2724 2597
82 2748 2621
82 2751 2624
82 2790 2663
82 2800 2673
82 2854 2727
82 2970 2843
82 3023 2896
82 3092 2965
82 3271 3144
82 3279 3152
82 3441 3314
82 3633 3506
82 3659 3532
82 3663 3536
82 3704 3577
82 3724 3597
82 3778 3651
82 3779 3652
82 3847 3720
82 3849 3722
82 4079 3952
82 4080 3953
82 4094 3967
82 4097 3970
82 4113 3986
82 4115 3988
82 4116 3989
83 144 17
83 154 27
83 159 32
83 237 110
83 261 134
83 283 156
83 284 157
83 320 193
83 327 200
83 361 234
83 362 235
83 405 278
83 418 291
83 457 330
83 459 332
83 474 347
83 475 348
83 529 402
83 568 441
83 569 442
83 714 587
83 715 588
83 755 628
83 842 715
83 1025 898
83 1126 999
83 1138 1011
83 1205 1078
83 1206 1079
83 1243 1116
83 1314 1187
83 1331 1204
83 1688 1561
83 1764 1637
83 1765 1638
83 1866 1739
83 2289 2162
83 2314 2187
83 2315 2188
83 2504 2377
83 2606 2479
83 2726 2599
83 2806 2679
83 2807 2680
83 2839 2712
83 2888 2761
83 3094 2967
83 3095 2968
83 3368 3241
83 3453 3326
83 3463 3336
83 3501 3374
83 3519 3392
83 3620 3493
83 3697 3570
83 3705 3578
83 3706 3579
83 3782 3655
83 3917 3790
83 3928 3801
83 3929 3802
83 3930 3803
83 3932 3805
84 128 1
84 132 5
84 133 6
84 136 9
84 195 68
84 204 77
84 214 87
84 228 101
84 232 105
84 235 108
84 251 124
84 253 126
84 257 130
84 260 133
84 274 147
84 294 167
84 374 247
84 419 292
84 510 383
84 543 416
84 544 417
84 550 423
84 646 519
84 825 698
84 892 765
84 911 784
84 987 860
84 1020 893
84 1021 894
84 1105 978
84 1128 1001
84 1132 1005
84 1133 1006
84 1134 1007
84 1139 1012
84 1179 1052
84 1190 1063
84 1204 1077
84 1282 1155
84 1283 1156
84 1295 1168
84 1535 1408
84 1546 1419
84 1563 1436
84 1626 1499
84 1676 1549
84 1760 1633
84 1774 1647
84 2342 2215
84 2451 2324
84 2499 2372
84 2526 2399
84 2649 2522
84 2740 2613
84 2766 2639
84 2866 2739
84 3000 2873
84 3066 2939
84 3554 3427
84 3681 3554
84 3707 3580
84 3860 3733
85 514 387
85 520 393
85 776 649
85 883 756
85 884 757
85 947 820
85 1042 915
85 1175 1048
85 1218 1091
85 1332 1205
85 1335 1208
85 1356 1229
85 1390 1263
85 1407 1280
85 1408 1281
85 1409 1282
85 1627 1500
85 1686 1559
85 1717 1590
85 1786 1659
85 1809 1682
85 2037 1910
85 2287 2160
85 2348 2221
85 2360 2233
85 2514 2387
85 2516 2389
85 2517 2390
85 2696 2569
85 2779 2652
85 2789 2662
85 2894 2767
85 2942 2815
85 2943 2816
85 2944 2817
85 2956 2829
85 3069 2942
85 3270 3143
85 3273 3146
85 3281 3154
85 3330 3203
85 3338 3211
85 3356 3229
85 3394 3267
85 3395 3268
85 3411 3284
85 3449 3322
85 3518 3391
85 3546 3419
85 3667 3540
85 3776 3649
85 3842 3715
85 3845 3718
85 3853 3726
85 3920 3793
85 3982 3855
85 3983 3856
85 4001 3874
85 4010 3883
85 4054 3927
85 4087 3960
85 4102 3975
86 358 231
86 414 287
86 663 536
86 665 538
86 674 547
86 767 640
86 803 676
86 891 764
86 992 865
86 1005 878
86 1027 900
86 1039 912
86 1040 913
86 1041 914
86 1149 1022
86 1156 1029
86 1280 1153
86 1377 1250
86 1378 1251
86 1497 1370
86 1562 1435
86 1658 1531
86 1700 1573
86 1714 1587
86 1899 1772
86 1970 1843
86 1994 1867
86 2036 1909
86 2172 2045
86 2230 2103
86 2253 2126
86 2276 2149
86 2345 2218
86 2353 2226
86 2373 2246
86 2495 2368
86 2574 2447
86 2745 2618
86 2749 2622
86 2813 2686
86 2814 2687
86 2840 2713
86 2842 2715
86 2843 2716
86 2895 2768
86 2948 2821
86 2952 2825
86 3009 2882
86 3115 2988
86 3373 3246
86 3392 3265
86 3455 3328
86 3515 3388
86 3517 3390
86 3522 3395
86 3523 3396
86 3621 3494
86 3702 3575
86 3708 3581
86 3721 3594
86 4011 3884
86 4062 3935
87 129 2
87 161 34
87 178 51
87 179 52
87 254 127
87 256 129
87 270 143
87 276 149
87 280 153
87 301 174
87 316 189
87 391 264
87 408 281
87 413 286
87 429 302
87 464 337
87 488 361
87 506 379
87 507 380
87 508 381
87 538 411
87 539 412
87 574 447
87 575 448
87 579 452
87 600 473
87 616 489
87 620 493
87 684 557
87 797 670
87 827 700
87 843 716
87 844 717
87 845 718
87 874 747
87 887 760
87 898 771
87 935 808
87 936 809
87 1069 942
87 1071 944
87 1101 974
87 1145 1018
87 1203 1076
87 1289 1162
87 1346 1219
87 1379 1252
87 1419 1292
87 1486 1359
87 1652 1525
87 1864 1737
87 1939 1812
87 2123 1996
87 2560 2433
87 2729 2602
87 2738 2611
87 2809 2682
87 2938 2811
87 2999 2872
87 3492 3365
87 4002 3875
87 4065 3938
87 4066 3939
88 302 175
88 518 391
88 525 398
88 609 482
88 637 510
88 671 544
88 672 545
88 673 546
88 682 555
88 688 561
88 711 584
88 757 630
88 789 662
88 792 665
88 793 666
88 872 745
88 878 751
88 885 758
88 917 790
88 933 806
88 944 817
88 983 856
88 1232 1105
88 1253 1126
88 1265 1138
88 1266 1139
88 1340 1213
88 1375 1248
88 1412 1285
88 1413 1286
88 1452 1325
88 1453 1326
88 1477 1350
88 1592 1465
88 1593 1466
88 1603 1476
88 1634 1507
88 1635 1508
88 1702 1575
88 1727 1600
88 1728 1601
88 1742 1615
88 1744 1617
88 1785 1658
88 1788 1661
88 1810 1683
88 1817 1690
88 1824 1697
88 1825 1698
88 1895 1768
88 1913 1786
88 2180 2053
88 2239 2112
88 2465 2338
88 2534 2407
88 2576 2449
88 2612 2485
88 3016 2889
88 3254 3127
88 3874 3747
88 4017 3890
88 4018 3891
89 152 25
89 255 128
89 309 182
89 420 293
89 435 308
89 463 336
89 526 399
89 586 459
89 606 479
89 607 480
89 621 494
89 635 508
89 666 539
89 667 540
89 687 560
89 704 577
89 716 589
89 718 591
89 882 755
89 934 807
89 946 819
89 959 832
89 960 833
89 1033 906
89 1059 932
89 1064 937
89 1074 947
89 1167 1040
89 1225 1098
89 1235 1108
89 1249 1122
89 1250 1123
89 1277 1150
89 1293 1166
89 1294 1167
89 1296 1169
89 1297 1170
89 1299 1172
89 1312 1185
89 1336 1209
89 1358 1231
89 1360 1233
89 1380 1253
89 1383 1256
89 1396 1269
89 1465 1338
89 1479 1352
89 1492 1365
89 1522 1395
89 1569 1442
89 1601 1474
89 1729 1602
89 1796 1669
89 1797 1670
89 1808 1681
89 1812 1685
89 1823 1696
89 1878 1751
89 1977 1850
89 2250 2123
89 2252 2125
89 2349 2222
89 3420 3293
90 485 358
90 625 498
90 628 501
90 670 543
90 675 548
90 676 549
90 677 550
90 679 552
90 680 553
90 726 599
90 779 652
90 802 675
90 804 677
90 861 734
90 862 735
90 902 775
90 937 810
90 977 850
90 1026 899
90 1053 926
90 1055 928
90 1057 930
90 1072 945
90 1090 963
90 1148 1021
90 1151 1024
90 1174 1047
90 1221 1094
90 1223 1096
90 1234 1107
90 1262 1135
90 1263 1136
90 1268 1141
90 1271 1144
90 1279 1152
90 1354 1227
90 1355 1228
90 1361 1234
90 1364 1237
90 1368 1241
90 1398 1271
90 1399 1272
90 1400 1273
90 1401 1274
90 1430 1303
90 1461 1334
90 1462 1335
90 1482 1355
90 1505 1378
90 1554 1427
90 1585 1458
90 1587 1460
90 1636 1509
90 1741 1614
90 1758 1631
90 1821 1694
90 1846 1719
90 1886 1759
90 1924 1797
90 2256 2129
90 2608 2481
90 4041 3914
91 137 10
91 157 30
91 224 97
91 668 541
91 694 567
91 697 570
91 705 578
91 708 581
91 712 585
91 766 639
91 940 813
91 945 818
91 980 853
91 981 854
91 988 861
91 1002 875
91 1077 950
91 1108 981
91 1173 1046
91 1177 1050
91 1189 1062
91 1303 1176
91 1304 1177
91 1306 1179
91 1313 1186
91 1330 1203
91 1366 1239
91 1367 1240
91 1370 1243
91 1371 1244
91 1414 1287
91 1421 1294
91 1423 1296
91 1435 1308
91 1464 1337
91 1467 1340
91 1487 1360
91 1491 1364
91 1506 1379
91 1564 1437
91 1571 1444
91 1576 1449
91 1621 1494
91 1622 1495
91 1642 1515
91 1643 1516
91 1692 1565
91 1693 1566
91 1704 1577
91 1705 1578
91 1731 1604
91 1732 1605
91 1733 1606
91 1784 1657
91 1798 1671
91 1820 1693
91 1827 1700
91 1829 1702
91 1882 1755
91 1894 1767
91 1912 1785
91 1952 1825
91 1953 1826
92 130 3
92 192 65
92 222 95
92 557 430
92 644 517
92 655 528
92 761 634
92 773 646
92 784 657
92 788 661
92 794 667
92 795 668
92 856 729
92 951 824
92 952 825
92 973 846
92 1006 879
92 1032 905
92 1035 908
92 1036 909
92 1037 910
92 1043 916
92 1051 924
92 1052 925
92 1161 1034
92 1165 1038
92 1169 1042
92 1178 1051
92 1210 1083
92 1216 1089
92 1224 1097
92 1231 1104
92 1248 1121
92 1301 1174
92 1362 1235
92 1374 1247
92 1406 1279
92 1416 1289
92 1450 1323
92 1480 1353
92 1495 1368
92 1502 1375
92 1503 1376
92 1567 1440
92 1568 1441
92 1570 1443
92 1605 1478
92 1694 1567
92 1711 1584
92 1716 1589
92 1747 1620
92 1748 1621
92 1751 1624
92 1800 1673
92 1842 1715
92 1847 1720
92 1897 1770
92 1898 1771
92 1900 1773
92 1902 1775
92 1903 1776
92 1921 1794
93 146 19
93 148 21
93 186 59
93 277 150
93 278 151
93 402 275
93 614 487
93 681 554
93 785 658
93 817 690
93 875 748
93 876 749
93 886 759
93 890 763
93 893 766
93 894 767
93 895 768
93 896 769
93 897 770
93 899 772
93 900 773
93 901 774
93 903 776
93 938 811
93 961 834
93 975 848
93 986 859
93 1018 891
93 1056 929
93 1061 934
93 1062 935
93 1073 946
93 1124 997
93 1125 998
93 1142 1015
93 1147 1020
93 1183 1056
93 1184 1057
93 1186 1059
93 1267 1140
93 1347 1220
93 1348 1221
93 1478 1351
93 1485 1358
93 1516 1389
93 1517 1390
93 1518 1391
93 1541 1414
93 1561 1434
93 1699 1572
93 1745 1618
93 1790 1663
93 1791 1664
93 1801 1674
93 1802 1675
93 1819 1692
93 1840 1713
93 1841 1714
93 1881 1754
93 1933 1806
93 1935 1808
93 1956 1829
94 153 26
94 230 103
94 231 104
94 349 222
94 461 334
94 462 335
94 536 409
94 561 434
94 570 443
94 713 586
94 727 600
94 783 656
94 800 673
94 807 680
94 868 741
94 904 777
94 955 828
94 956 829
94 974 847
94 1075 948
94 1117 990
94 1137 1010
94 1153 1026
94 1154 1027
94 1155 1028
94 1181 1054
94 1239 1112
94 1255 1128
94 1269 1142
94 1270 1143
94 1302 1175
94 1311 1184
94 1381 1254
94 1393 1266
94 1415 1288
94 1429 1302
94 1431 1304
94 1451 1324
94 1460 1333
94 1463 1336
94 1494 1367
94 1519 1392
94 1530 1403
94 1532 1405
94 1545 1418
94 1557 1430
94 1566 1439
94 1615 1488
94 1721 1594
94 1723 1596
94 1725 1598
94 1730 1603
94 1736 1609
94 1746 1619
94 1792 1665
94 1795 1668
94 1816 1689
94 1835 1708
94 1904 1777
94 1923 1796
94 1926 1799
94 1955 1828
95 172 45
95 347 220
95 350 223
95 427 300
95 617 490
95 618 491
95 619 492
95 686 559
95 700 573
95 701 574
95 710 583
95 759 632
95 818 691
95 1010 883
95 1089 962
95 1092 965
95 1215 1088
95 1222 1095
95 1284 1157
95 1646 1519
95 1880 1753
95 1896 1769
95 1907 1780
95 1969 1842
95 1982 1855
95 1983 1856
95 1992 1865
95 2080 1953
95 2227 2100
95 2284 2157
95 2300 2173
95 2407 2280
95 2408 2281
95 2444 2317
95 2448 2321
95 2460 2333
95 2519 2392
95 2528 2401
95 2580 2453
95 2653 2526
95 2709 2582
95 2735 2608
95 2768 2641
95 2769 2642
95 2770 2643
95 2817 2690
95 2856 2729
95 2879 2752
95 3007 2880
95 3010 2883
95 3062 2935
95 3132 3005
95 3401 3274
95 3478 3351
95 3670 3543
95 3680 3553
95 3731 3604
95 3797 3670
95 3835 3708
95 3836 3709
95 3900 3773
95 3901 3774
95 3904 3777
96 409 282
96 466 339
96 478 351
96 556 429
96 623 496
96 685 558
96 699 572
96 742 615
96 1007 880
96 1120 993
96 1159 1032
96 1251 1124
96 1273 1146
96 1274 1147
96 1325 1198
96 1349 1222
96 1350 1223
96 1490 1363
96 1623 1496
96 1695 1568
96 1991 1864
96 1995 1868
96 2007 1880
96 2024 1897
96 2039 1912
96 2048 1921
96 2086 1959
96 2120 1993
96 2124 1997
96 2126 1999
96 2153 2026
96 2165 2038
96 2198 2071
96 2199 2072
96 2200 2073
96 2231 2104
96 2232 2105
96 2236 2109
96 2258 2131
96 2261 2134
96 2279 2152
96 2280 2153
96 2281 2154
96 2282 2155
96 2299 2172
96 2307 2180
96 2383 2256
96 2384 2257
96 2440 2313
96 2443 2316
96 2540 2413
96 2573 2446
96 2584 2457
96 2670 2543
96 2704 2577
96 2820 2693
96 2975 2848
96 3028 2901
96 3421 3294
96 3430 3303
96 3549 3422
96 3875 3748
97 167 40
97 177 50
97 193 66
97 245 118
97 304 177
97 305 178
97 306 179
97 322 195
97 365 238
97 367 240
97 410 283
97 436 309
97 476 349
97 542 415
97 601 474
97 604 477
97 747 620
97 829 702
97 832 705
97 1024 897
97 1245 1118
97 1373 1246
97 1397 1270
97 1722 1595
97 1844 1717
97 1957 1830
97 2060 1933
97 2154 2027
97 2187 2060
97 2201 2074
97 2203 2076
97 2234 2107
97 2270 2143
97 2298 2171
97 2406 2279
97 2502 2375
97 2545 2418
97 2637 2510
97 2657 2530
97 2658 2531
97 2743 2616
97 2762 2635
97 2794 2667
97 2803 2676
97 2828 2701
97 2858 2731
97 2955 2828
97 2994 2867
97 2995 2868
97 3123 2996
97 3182 3055
97 3380 3253
97 3385 3258
97 3424 3297
97 3447 3320
97 3627 3500
97 3648 3521
97 3685 3558
97 3790 3663
97 3952 3825
97 3954 3827
97 3963 3836
97 3998 3871
98 226 99
98 273 146
98 467 340
98 564 437
98 595 468
98 597 470
98 603 476
98 690 563
98 739 612
98 752 625
98 754 627
98 921 794
98 1141 1014
98 1963 1836
98 1990 1863
98 2016 1889
98 2061 1934
98 2065 1938
98 2071 1944
98 2122 1995
98 2155 2028
98 2161 2034
98 2179 2052
98 2195 2068
98 2302 2175
98 2347 2220
98 2372 2245
98 2421 2294
98 2446 2319
98 2478 2351
98 2489 2362
98 2496 2369
98 2600 2473
98 2601 2474
98 2602 2475
98 2607 2480
98 2629 2502
98 2632 2505
98 2706 2579
98 2710 2583
98 2711 2584
98 2773 2646
98 2837 2710
98 2986 2859
98 3054 2927
98 3076 2949
98 3200 3073
98 3251 3124
98 3326 3199
98 3333 3206
98 3353 3226
98 3472 3345
98 3861 3734
98 3896 3769
98 3897 3770
98 3898 3771
98 3935 3808
98 3955 3828
98 3959 3832
98 3985 3858
98 4098 3971
98 4099 3972
99 363 236
99 421 294
99 431 304
99 443 316
99 489 362
99 492 365
99 530 403
99 576 449
99 615 488
99 750 623
99 919 792
99 1103 976
99 1300 1173
99 1326 1199
99 1777 1650
99 1859 1732
99 1860 1733
99 1916 1789
99 1918 1791
99 1920 1793
99 1948 1821
99 1959 1832
99 1961 1834
99 1973 1846
99 2006 1879
99 2090 1963
99 2102 1975
99 2103 1976
99 2104 1977
99 2117 1990
99 2136 2009
99 2216 2089
99 2249 2122
99 2266 2139
99 2297 2170
99 2329 2202
99 2336 2209
99 2340 2213
99 2354 2227
99 2361 2234
99 2376 2249
99 2433 2306
99 2472 2345
99 2524 2397
99 2525 2398
99 2530 2403
99 2652 2525
99 2786 2659
99 2792 2665
99 2793 2666
99 2821 2694
99 2967 2840
99 2989 2862
99 2992 2865
99 3035 2908
99 3036 2909
99 3040 2913
99 3042 2915
99 3114 2987
99 3599 3472
99 3643 3516
99 3710 3583
99 4067 3940
100 168 41
100 171 44
100 259 132
100 366 239
100 411 284
100 434 307
100 441 314
100 450 323
100 499 372
100 590 463
100 724 597
100 824 697
100 848 721
100 849 722
100 927 800
100 1058 931
100 1082 955
100 1083 956
100 1087 960
100 1140 1013
100 1257 1130
100 1327 1200
100 1489 1362
100 1631 1504
100 1984 1857
100 2008 1881
100 2054 1927
100 2074 1947
100 2075 1948
100 2107 1980
100 2113 1986
100 2137 2010
100 2140 2013
100 2143 2016
100 2145 2018
100 2185 2058
100 2263 2136
100 2267 2140
100 2362 2235
100 2474 2347
100 2507 2380
100 2566 2439
100 2664 2537
100 2668 2541
100 2760 2633
100 2869 2742
100 2880 2753
100 2882 2755
100 2883 2756
100 2890 2763
100 2913 2786
100 2988 2861
100 3026 2899
100 3029 2902
100 3507 3380
100 3544 3417
100 3589 3462
100 3590 3463
100 3653 3526
100 3958 3831
100 4033 3906
100 4050 3923
101 238 111
101 247 120
101 248 121
101 249 122
101 250 123
101 370 243
101 432 305
101 880 753
101 1106 979
101 1109 982
101 1298 1171
101 1316 1189
101 1504 1377
101 1781 1654
101 1851 1724
101 1877 1750
101 1979 1852
101 2079 1952
101 2105 1978
101 2106 1979
101 2108 1981
101 2109 1982
101 2111 1984
101 2158 2031
101 2162 2035
101 2170 2043
101 2182 2055
101 2212 2085
101 2246 2119
101 2386 2259
101 2394 2267
101 2402 2275
101 2413 2286
101 2473 2346
101 2475 2348
101 2476 2349
101 2522 2395
101 2533 2406
101 2549 2422
101 2552 2425
101 2690 2563
101 2692 2565
101 3101 2974
101 3105 2978
101 3107 2980
101 3126 2999
101 3154 3027
101 3205 3078
101 3221 3094
101 3241 3114
101 3253 3126
101 3255 3128
101 3258 3131
101 3296 3169
101 3437 3310
101 3563 3436
101 3588 3461
101 3713 3586
101 3838 3711
101 3844 3717
101 3851 3724
101 3852 3725
102 298 171
102 758 631
102 1345 1218
102 2186 2059
102 2207 2080
102 2429 2302
102 2469 2342
102 2550 2423
102 2628 2501
102 2795 2668
102 2860 2733
102 2937 2810
102 3055 2928
102 3320 3193
102 3376 3249
102 3470 3343
102 3475 3348
102 3485 3358
102 3493 3366
102 3496 3369
102 3500 3373
102 3510 3383
102 3527 3400
102 3528 3401
102 3529 3402
102 3530 3403
102 3531 3404
102 3536 3409
102 3542 3415
102 3548 3421
102 3592 3465
102 3595 3468
102 3596 3469
102 3598 3471
102 3604 3477
102 3828 3701
102 3850 3723
102 3854 3727
102 3855 3728
102 3856 3729
102 3864 3737
102 3867 3740
102 3876 3749
102 3879 3752
102 3882 3755
102 3887 3760
102 3893 3766
102 3980 3853
102 3990 3863
102 3991 3864
102 4021 3894
102 4025 3898
102 4027 3900
102 4030 3903
102 4031 3904
102 4032 3905
102 4040 3913
102 4042 3915
102 4068 3941
102 4070 3943
102 4081 3954
102 4096 3969
103 592 465
103 593 466
103 596 469
103 610 483
103 915 788
103 1244 1117
103 1533 1406
103 1888 1761
103 1905 1778
103 1906 1779
103 1964 1837
103 1974 1847
103 1975 1848
103 1980 1853
103 1988 1861
103 1989 1862
103 2032 1905
103 2040 1913
103 2042 1915
103 2045 1918
103 2057 1930
103 2063 1936
103 2066 1939
103 2083 1956
103 2095 1968
103 2127 2000
103 2147 2020
103 2157 2030
103 2211 2084
103 2233 2106
103 2343 2216
103 2344 2217
103 2438 2311
103 2439 2312
103 2479 2352
103 2485 2358
103 2556 2429
103 2598 2471
103 2611 2484
103 2619 2492
103 2642 2515
103 2665 2538
103 2686 2559
103 2687 2560
103 2691 2564
103 2703 2576
103 2721 2594
103 2722 2595
103 2723 2596
103 2744 2617
103 2753 2626
103 2759 2632
103 2776 2649
103 2780 2653
103 2781 2654
103 2783 2656
103 2808 2681
103 2847 2720
103 3156 3029
103 3289 3162
103 3292 3165
103 3505 3378
103 3640 3513
104 1648 1521
104 2043 1916
104 2505 2378
104 2544 2417
104 2623 2496
104 2797 2670
104 2799 2672
104 2812 2685
104 2835 2708
104 2845 2718
104 2853 2726
104 2863 2736
104 2876 2749
104 2893 2766
104 2896 2769
104 2897 2770
104 2898 2771
104 2899 2772
104 2908 2781
104 2921 2794
104 2922 2795
104 2924 2797
104 2925 2798
104 2926 2799
104 3002 2875
104 3332 3205
104 3345 3218
104 3391 3264
104 3422 3295
104 3436 3309
104 3448 3321
104 3509 3382
104 3593 3466
104 3607 3480
104 3608 3481
104 3609 3482
104 3649 3522
104 3650 3523
104 3657 3530
104 3658 3531
104 3666 3539
104 3668 3541
104 3671 3544
104 3673 3546
104 3714 3587
104 3716 3589
104 3725 3598
104 3734 3607
104 3745 3618
104 3762 3635
104 3781 3654
104 3784 3657
104 3800 3673
104 3801 3674
104 3804 3677
104 3806 3679
104 3808 3681
104 3829 3702
104 3974 3847
104 3999 3872
104 4013 3886
104 4014 3887
105 170 43
105 272 145
105 378 251
105 528 401
105 572 445
105 602 475
105 660 533
105 678 551
105 736 609
105 770 643
105 771 644
105 909 782
105 979 852
105 1067 940
105 1076 949
105 1091 964
105 1115 988
105 1121 994
105 1240 1113
105 1411 1284
105 1574 1447
105 1609 1482
105 1610 1483
105 1793 1666
105 1807 1680
105 1914 1787
105 2025 1898
105 2078 1951
105 2094 1967
105 2114 1987
105 2115 1988
105 2129 2002
105 2156 2029
105 2240 2113
105 2273 2146
105 2301 2174
105 2363 2236
105 2399 2272
105 2422 2295
105 2456 2329
105 2763 2636
105 2796 2669
105 2831 2704
105 2867 2740
105 2877 2750
105 2900 2773
105 2920 2793
105 2927 2800
105 2928 2801
105 3003 2876
105 3077 2950
105 3252 3125
105 3290 3163
105 3417 3290
105 3423 3296
105 3464 3337
105 3576 3449
105 3580 3453
105 3586 3459
105 3727 3600
105 3819 3692
105 3823 3696
105 3994 3867
106 311 184
106 504 377
106 796 669
106 870 743
106 1162 1035
106 1555 1428
106 1697 1570
106 2019 1892
106 2047 1920
106 2056 1929
106 2082 1955
106 2130 2003
106 2171 2044
106 2228 2101
106 2255 2128
106 2322 2195
106 2357 2230
106 2367 2240
106 2435 2308
106 2486 2359
106 2492 2365
106 2591 2464
106 2614 2487
106 2636 2509
106 2675 2548
106 2702 2575
106 2775 2648
106 2818 2691
106 2834 2707
106 2852 2725
106 2931 2804
106 2950 2823
106 2968 2841
106 2985 2858
106 2987 2860
106 3006 2879
106 3008 2881
106 3012 2885
106 3060 2933
106 3063 2936
106 3064 2937
106 3072 2945
106 3073 2946
106 3083 2956
106 3162 3035
106 3282 3155
106 3354 3227
106 3355 3228
106 3732 3605
106 3805 3678
106 3814 3687
106 3816 3689
106 3858 3731
106 3859 3732
106 3905 3778
106 3909 3782
106 3933 3806
106 3934 3807
106 3992 3865
106 3993 3866
106 4009 3882
106 4012 3885
107 164 37
107 486 359
107 559 432
107 922 795
107 1152 1025
107 1527 1400
107 1625 1498
107 1629 1502
107 1837 1710
107 1985 1858
107 1997 1870
107 1998 1871
107 2005 1878
107 2055 1928
107 2064 1937
107 2110 1983
107 2135 2008
107 2141 2014
107 2144 2017
107 2163 2036
107 2184 2057
107 2204 2077
107 2213 2086
107 2218 2091
107 2219 2092
107 2222 2095
107 2226 2099
107 2306 2179
107 2350 2223
107 2370 2243
107 2470 2343
107 2477 2350
107 2483 2356
107 2523 2396
107 2531 2404
107 2568 2441
107 2579 2452
107 2592 2465
107 2627 2500
107 2716 2589
107 2838 2711
107 2874 2747
107 2881 2754
107 2884 2757
107 2906 2779
107 2909 2782
107 2963 2836
107 3106 2979
107 3111 2984
107 3119 2992
107 3121 2994
107 3288 3161
107 3340 3213
107 3428 3301
107 3553 3426
107 3615 3488
107 3622 3495
107 3770 3643
107 3947 3820
107 4026 3899
107 4028 3901
107 4029 3902
107 4052 3925
108 151 24
108 182 55
108 303 176
108 356 229
108 438 311
108 583 456
108 1034 907
108 1596 1469
108 1612 1485
108 1759 1632
108 1770 1643
108 1850 1723
108 1917 1790
108 1936 1809
108 1999 1872
108 2030 1903
108 2050 1923
108 2068 1941
108 2142 2015
108 2197 2070
108 2215 2088
108 2217 2090
108 2221 2094
108 2332 2205
108 2338 2211
108 2339 2212
108 2374 2247
108 2409 2282
108 2411 2284
108 2434 2307
108 2547 2420
108 2586 2459
108 2599 2472
108 2603 2476
108 2605 2478
108 2645 2518
108 2650 2523
108 2674 2547
108 2678 2551
108 2679 2552
108 2772 2645
108 2850 2723
108 2904 2777
108 2962 2835
108 2971 2844
108 2996 2869
108 3037 2910
108 3043 2916
108 3112 2985
108 3314 3187
108 3334 3207
108 3410 3283
108 3550 3423
108 3567 3440
108 3603 3476
108 3616 3489
108 3628 3501
108 3645 3518
108 3646 3519
108 3802 3675
108 3834 3707
108 3973 3846
109 490 363
109 605 478
109 626 499
109 627 500
109 648 521
109 798 671
109 877 750
109 930 803
109 931 804
109 943 816
109 1038 911
109 1107 980
109 1276 1149
109 1318 1191
109 1365 1238
109 1433 1306
109 1475 1348
109 1507 1380
109 1616 1489
109 1839 1712
109 1967 1840
109 2031 1904
109 2053 1926
109 2084 1957
109 2087 1960
109 2119 1992
109 2125 1998
109 2166 2039
109 2257 2130
109 2271 2144
109 2294 2167
109 2480 2353
109 2493 2366
109 2562 2435
109 2564 2437
109 2572 2445
109 2639 2512
109 2705 2578
109 2848 2721
109 2849 2722
109 3011 2884
109 3067 2940
109 3183 3056
109 3224 3097
109 3235 3108
109 3243 3116
109 3295 3168
109 3350 3223
109 3351 3224
109 3382 3255
109 3412 3285
109 3491 3364
109 3545 3418
109 3561 3434
109 3571 3444
109 3610 3483
109 3730 3603
109 3736 3609
109 3741 3614
109 3809 3682
109 3922 3795
109 3997 3870
110 140 13
110 185 58
110 573 446
110 941 814
110 1000 873
110 1171 1044
110 1319 1192
110 1382 1255
110 1537 1410
110 1644 1517
110 1645 1518
110 1769 1642
110 2038 1911
110 2085 1958
110 2121 1994
110 2151 2024
110 2190 2063
110 2193 2066
110 2194 2067
110 2235 2108
110 2304 2177
110 2305 2178
110 2308 2181
110 2312 2185
110 2358 2231
110 2388 2261
110 2410 2283
110 2445 2318
110 2484 2357
110 2488 2361
110 2509 2382
110 2520 2393
110 2537 2410
110 2567 2440
110 2569 2442
110 2571 2444
110 2604 2477
110 2610 2483
110 2638 2511
110 2640 2513
110 2641 2514
110 2646 2519
110 2654 2527
110 2695 2568
110 2801 2674
110 2823 2696
110 2914 2787
110 2953 2826
110 3013 2886
110 3293 3166
110 3337 3210
110 3402 3275
110 3413 3286
110 3419 3292
110 3471 3344
110 3543 3416
110 3575 3448
110 3602 3475
110 3675 3548
110 3691 3564
110 3820 3693
110 4084 3957
111 480 353
111 546 419
111 548 421
111 560 433
111 642 515
111 650 523
111 693 566
111 751 624
111 928 801
111 967 840
111 971 844
111 1017 890
111 1068 941
111 1211 1084
111 1264 1137
111 1323 1196
111 1339 1212
111 1424 1297
111 1558 1431
111 1581 1454
111 1582 1455
111 1589 1462
111 1611 1484
111 1671 1544
111 1701 1574
111 1754 1627
111 1789 1662
111 1806 1679
111 1832 1705
111 1889 1762
111 1901 1774
111 1966 1839
111 2116 1989
111 2134 2007
111 2196 2069
111 2206 2079
111 2278 2151
111 2321 2194
111 2327 2200
111 2352 2225
111 2379 2252
111 2400 2273
111 2401 2274
111 2464 2337
111 2587 2460
111 2746 2619
111 2771 2644
111 2833 2706
111 2915 2788
111 2973 2846
111 2974 2847
111 3019 2892
111 3075 2948
111 3103 2976
111 3237 3110
111 3309 3182
111 3532 3405
111 3629 3502
111 3715 3588
111 3884 3757
111 3938 3811
111 3968 3841
111 3975 3848
112 147 20
112 246 119
112 275 148
112 299 172
112 400 273
112 456 329
112 458 331
112 515 388
112 562 435
112 661 534
112 703 576
112 780 653
112 781 654
112 819 692
112 854 727
112 954 827
112 1029 902
112 1030 903
112 1079 952
112 1086 959
112 1116 989
112 1200 1073
112 1247 1120
112 1385 1258
112 1455 1328
112 1499 1372
112 1515 1388
112 1538 1411
112 1583 1456
112 1653 1526
112 1675 1548
112 1740 1613
112 1750 1623
112 1834 1707
112 2004 1877
112 2220 2093
112 2241 2114
112 2326 2199
112 2377 2250
112 2378 2251
112 2416 2289
112 2467 2340
112 2539 2412
112 2622 2495
112 2689 2562
112 2720 2593
112 2752 2625
112 2855 2728
112 2857 2730
112 2859 2732
112 2923 2796
112 3025 2898
112 3096 2969
112 3404 3277
112 3469 3342
112 3534 3407
112 3535 3408
112 3601 3474
112 3641 3514
112 3981 3854
112 3986 3859
112 4015 3888
113 158 31
113 242 115
113 300 173
113 415 288
113 535 408
113 599 472
113 652 525
113 698 571
113 719 592
113 722 595
113 744 617
113 805 678
113 806 679
113 816 689
113 820 693
113 821 694
113 822 695
113 863 736
113 869 742
113 905 778
113 953 826
113 964 837
113 969 842
113 970 843
113 995 868
113 996 869
113 998 871
113 999 872
113 1044 917
113 1045 918
113 1046 919
113 1047 920
113 1048 921
113 1049 922
113 1050 923
113 1070 943
113 1084 957
113 1094 967
113 1143 1016
113 1146 1019
113 1158 1031
113 1170 1043
113 1182 1055
113 1187 1060
113 1212 1085
113 1226 1099
113 1236 1109
113 1258 1131
113 1259 1132
113 1260 1133
113 1292 1165
113 1357 1230
113 1394 1267
113 1565 1438
113 1782 1655
113 1794 1667
113 1843 1716
113 1848 1721
113 1919 1792
113 1922 1795
113 2146 2019
113 2324 2197
113 3862 3735
114 194 67
114 229 102
114 240 113
114 241 114
114 279 152
114 318 191
114 357 230
114 359 232
114 360 233
114 547 420
114 549 422
114 622 495
114 662 535
114 709 582
114 730 603
114 756 629
114 873 746
114 929 802
114 939 812
114 942 815
114 958 831
114 968 841
114 991 864
114 997 870
114 1001 874
114 1008 881
114 1031 904
114 1060 933
114 1065 938
114 1085 958
114 1185 1058
114 1229 1102
114 1261 1134
114 1308 1181
114 1309 1182
114 1310 1183
114 1315 1188
114 1328 1201
114 1341 1214
114 1405 1278
114 1410 1283
114 1425 1298
114 1440 1313
114 1498 1371
114 1536 1409
114 1556 1429
114 1573 1446
114 1757 1630
114 1830 1703
114 1845 1718
114 1934 1807
114 2000 1873
114 2002 1875
114 2096 1969
114 2272 2145
114 2381 2254
114 2417 2290
114 2423 2296
114 3116 2989
114 3135 3008
114 3995 3868
114 4061 3934
115 150 23
115 425 298
115 444 317
115 702 575
115 778 651
115 808 681
115 809 682
115 812 685
115 814 687
115 815 688
115 852 725
115 853 726
115 855 728
115 857 730
115 864 737
115 865 738
115 950 823
115 957 830
115 962 835
115 963 836
115 965 838
115 966 839
115 984 857
115 985 858
115 1011 884
115 1096 969
115 1097 970
115 1163 1036
115 1164 1037
115 1237 1110
115 1238 1111
115 1342 1215
115 1343 1216
115 1449 1322
115 1483 1356
115 1484 1357
115 1508 1381
115 1580 1453
115 1614 1487
115 1689 1562
115 1713 1586
115 1726 1599
115 1749 1622
115 1799 1672
115 1893 1766
115 2003 1876
115 2337 2210
115 2459 2332
115 2463 2336
115 2466 2339
115 2755 2628
115 2825 2698
115 2918 2791
115 3506 3379
115 3672 3545
115 3682 3555
115 3755 3628
115 3783 3656
115 3792 3665
115 4016 3889
115 4019 3892
115 4020 3893
115 4046 3919
116 166 39
116 218 91
116 266 139
116 330 203
116 331 204
116 426 299
116 447 320
116 452 325
116 571 444
116 653 526
116 654 527
116 659 532
116 717 590
116 725 598
116 782 655
116 801 674
116 810 683
116 811 684
116 813 686
116 851 724
116 858 731
116 859 732
116 860 733
116 866 739
116 867 740
116 972 845
116 1066 939
116 1088 961
116 1168 1041
116 1228 1101
116 1230 1103
116 1256 1129
116 1317 1190
116 1501 1374
116 1552 1425
116 1553 1426
116 1630 1503
116 1672 1545
116 1737 1610
116 1833 1706
116 1915 1788
116 1927 1800
116 2131 2004
116 2132 2005
116 2225 2098
116 2262 2135
116 2548 2421
116 2774 2647
116 3065 2938
116 3100 2973
116 3406 3279
116 3425 3298
116 3429 3302
116 3503 3376
116 3676 3549
116 3832 3705
116 3878 3751
116 3881 3754
116 3883 3756
116 3944 3817
116 4051 3924
116 4057 3930
117 314 187
117 315 188
117 317 190
117 455 328
117 577 450
117 578 451
117 723 596
117 745 618
117 765 638
117 774 647
117 949 822
117 994 867
117 1207 1080
117 1220 1093
117 1426 1299
117 1427 1300
117 1428 1301
117 1470 1343
117 1471 1344
117 1523 1396
117 1524 1397
117 1525 1398
117 1526 1399
117 1528 1401
117 1529 1402
117 1531 1404
117 1606 1479
117 1696 1569
117 1698 1571
117 1735 1608
117 1826 1699
117 1887 1760
117 1892 1765
117 1928 1801
117 1929 1802
117 1930 1803
117 2133 2006
117 2245 2118
117 2323 2196
117 2428 2301
117 2457 2330
117 2461 2334
117 2535 2408
117 2543 2416
117 2620 2493
117 2688 2561
117 2846 2719
117 2972 2845
117 3005 2878
117 3102 2975
117 3127 3000
117 3199 3072
117 3231 3104
117 3339 3212
117 3347 3220
117 3442 3315
117 3474 3347
117 3677 3550
117 3686 3559
117 3753 3626
117 3908 3781
117 3918 3791
118 292 165
118 293 166
118 295 168
118 342 215
118 343 216
118 399 272
118 454 327
118 537 410
118 554 427
118 555 428
118 658 531
118 706 579
118 743 616
118 763 636
118 764 637
118 847 720
118 976 849
118 1016 889
118 1098 971
118 1118 991
118 1119 992
118 1219 1092
118 1305 1178
118 1329 1202
118 1468 1341
118 1469 1342
118 1472 1345
118 1473 1346
118 1496 1369
118 1577 1450
118 1578 1451
118 1598 1471
118 1599 1472
118 1600 1473
118 1607 1480
118 1608 1481
118 1624 1497
118 1628 1501
118 1734 1607
118 1787 1660
118 1811 1684
118 1836 1709
118 1885 1758
118 1891 1764
118 2046 1919
118 2449 2322
118 2538 2411
118 2618 2491
118 2819 2692
118 2824 2697
118 2862 2735
118 2864 2737
118 3074 2947
118 3164 3037
118 3308 3181
118 3618 3491
118 3711 3584
118 3827 3700
118 3841 3714
118 3989 3862
118 4024 3897
118 4048 3921
119 173 46
119 325 198
119 372 245
119 433 306
119 473 346
119 588 461
119 594 467
119 787 660
119 989 862
119 1054 927
119 1093 966
119 1188 1061
119 1227 1100
119 1344 1217
119 1384 1257
119 1442 1315
119 1617 1490
119 1762 1635
119 1831 1704
119 1849 1722
119 1954 1827
119 2033 1906
119 2260 2133
119 2265 2138
119 2310 2183
119 2450 2323
119 2462 2335
119 2515 2388
119 2559 2432
119 2609 2482
119 2626 2499
119 2647 2520
119 2667 2540
119 2725 2598
119 2732 2605
119 2754 2627
119 2778 2651
119 2826 2699
119 2868 2741
119 2872 2745
119 2873 2746
119 2875 2748
119 2878 2751
119 2930 2803
119 2932 2805
119 3032 2905
119 3033 2906
119 3034 2907
119 3041 2914
119 3093 2966
119 3263 3136
119 3264 3137
119 3315 3188
119 3322 3195
119 3377 3250
119 3378 3251
119 3379 3252
119 3511 3384
119 3512 3385
119 3591 3464
119 3639 3512
119 3788 3661
119 4035 3908
120 183 56
120 263 136
120 329 202
120 371 244
120 373 246
120 422 295
120 449 322
120 460 333
120 509 382
120 589 462
120 634 507
120 691 564
120 888 761
120 889 762
120 948 821
120 1012 885
120 1095 968
120 1127 1000
120 1209 1082
120 1213 1086
120 1214 1087
120 1233 1106
120 1246 1119
120 1278 1151
120 1322 1195
120 1474 1347
120 1539 1412
120 1584 1457
120 1613 1486
120 1775 1648
120 2034 1907
120 2081 1954
120 2202 2075
120 2214 2087
120 2237 2110
120 2318 2191
120 2325 2198
120 2432 2305
120 2447 2320
120 2458 2331
120 2501 2374
120 2508 2381
120 2546 2419
120 2585 2458
120 2662 2535
120 2663 2536
120 2733 2606
120 2737 2610
120 2739 2612
120 2761 2634
120 2764 2637
120 2782 2655
120 2791 2664
120 2916 2789
120 2936 2809
120 2993 2866
120 3113 2986
120 3381 3254
120 3786 3659
120 3949 3822
120 4063 3936
120 4069 3942
121 216 89
121 217 90
121 268 141
121 269 142
121 380 253
121 397 270
121 406 279
121 412 285
121 430 303
121 479 352
121 497 370
121 498 371
121 519 392
121 737 610
121 837 710
121 850 723
121 1104 977
121 1135 1008
121 1208 1081
121 1510 1383
121 1543 1416
121 2091 1964
121 2541 2414
121 2597 2470
121 2617 2490
121 2677 2550
121 2830 2703
121 2892 2765
121 2947 2820
121 2980 2853
121 2997 2870
121 3130 3003
121 3131 3004
121 3159 3032
121 3188 3061
121 3259 3132
121 3328 3201
121 3367 3240
121 3384 3257
121 3476 3349
121 3477 3350
121 3537 3410
121 3551 3424
121 3552 3425
121 3570 3443
121 3573 3446
121 3579 3452
121 3617 3490
121 3669 3542
121 3687 3560
121 3688 3561
121 3767 3640
121 3768 3641
121 3769 3642
121 3833 3706
121 3895 3768
121 3937 3810
121 3953 3826
121 3966 3839
121 3967 3840
121 3987 3860
121 3988 3861
121 4034 3907
122 267 140
122 285 158
122 286 159
122 287 160
122 312 185
122 313 186
122 326 199
122 339 212
122 351 224
122 353 226
122 354 227
122 355 228
122 375 248
122 376 249
122 379 252
122 384 257
122 385 258
122 386 259
122 388 261
122 389 262
122 401 274
122 403 276
122 407 280
122 428 301
122 446 319
122 482 355
122 483 356
122 503 376
122 565 438
122 566 439
122 598 471
122 760 633
122 924 797
122 925 798
122 1122 995
122 1123 996
122 1448 1321
122 1550 1423
122 1673 1546
122 1872 1745
122 1879 1752
122 1949 1822
122 2452 2325
122 2468 2341
122 2497 2370
122 2557 2430
122 2558 2431
122 2570 2443
122 2656 2529
122 2666 2539
122 2693 2566
122 2694 2567
122 2785 2658
122 2871 2744
122 2910 2783
122 3267 3140
122 3317 3190
122 3427 3300
122 3566 3439
122 3654 3527
122 3712 3585
122 3948 3821
123 131 4
123 135 8
123 142 15
123 155 28
123 160 33
123 162 35
123 176 49
123 181 54
123 187 60
123 188 61
123 197 70
123 205 78
123 206 79
123 207 80
123 209 82
123 210 83
123 212 85
123 215 88
123 219 92
123 220 93
123 221 94
123 233 106
123 236 109
123 239 112
123 243 116
123 262 135
123 265 138
123 271 144
123 308 181
123 324 197
123 340 213
123 390 263
123 416 289
123 417 290
123 437 310
123 448 321
123 472 345
123 487 360
123 516 389
123 524 397
123 533 406
123 534 407
123 540 413
123 721 594
123 740 613
123 749 622
123 768 641
123 831 704
123 833 706
123 834 707
123 835 708
123 846 719
123 912 785
123 916 789
123 918 791
123 993 866
123 1131 1004
123 1944 1817
123 2727 2600
123 3600 3473
123 4036 3909
123 4037 3910
123 4038 3911
124 156 29
124 163 36
124 165 38
124 180 53
124 189 62
124 190 63
124 196 69
124 198 71
124 199 72
124 201 74
124 202 75
124 203 76
124 208 81
124 211 84
124 225 98
124 227 100
124 332 205
124 345 218
124 346 219
124 364 237
124 369 242
124 393 266
124 395 268
124 398 271
124 404 277
124 423 296
124 424 297
124 440 313
124 445 318
124 477 350
124 481 354
124 500 373
124 511 384
124 512 385
124 551 424
124 552 425
124 707 580
124 728 601
124 753 626
124 926 799
124 932 805
124 1099 972
124 1102 975
124 1136 1009
124 1290 1163
124 1446 1319
124 1447 1320
124 1544 1417
124 1551 1424
124 1670 1543
124 1815 1688
124 1868 1741
124 1873 1746
124 1890 1763
124 1931 1804
124 2624 2497
124 2714 2587
124 2851 2724
124 3070 2943
124 3891 3764
124 3912 3785
124 3956 3829
125 169 42
125 174 47
125 175 48
125 200 73
125 234 107
125 296 169
125 297 170
125 334 207
125 335 208
125 336 209
125 337 210
125 338 211
125 341 214
125 344 217
125 469 342
125 484 357
125 545 418
125 553 426
125 558 431
125 656 529
125 738 611
125 830 703
125 990 863
125 1014 887
125 1509 1382
125 1512 1385
125 1513 1386
125 1514 1387
125 1534 1407
125 1579 1452
125 1641 1514
125 1667 1540
125 1776 1649
125 1870 1743
125 1951 1824
125 1960 1833
125 1996 1869
125 2049 1922
125 2076 1949
125 2160 2033
125 2242 2115
125 2341 2214
125 2487 2360
125 2593 2466
125 2616 2489
125 2625 2498
125 2630 2503
125 2731 2604
125 2810 2683
125 2822 2695
125 2861 2734
125 2907 2780
125 3091 2964
125 3125 2998
125 3301 3174
125 3352 3225
125 3438 3311
125 3440 3313
125 3538 3411
125 3793 3666
125 3873 3746
125 4064 3937
126 184 57
126 191 64
126 213 86
126 223 96
126 258 131
126 307 180
126 348 221
126 368 241
126 387 260
126 442 315
126 451 324
126 453 326
126 465 338
126 470 343
126 471 344
126 495 368
126 523 396
126 527 400
126 585 458
126 657 530
126 786 659
126 823 696
126 828 701
126 913 786
126 914 787
126 1110 983
126 1201 1074
126 1241 1114
126 1324 1197
126 1441 1314
126 1651 1524
126 1838 1711
126 1856 1729
126 1932 1805
126 1958 1831
126 1978 1851
126 2097 1970
126 2391 2264
126 2471 2344
126 2511 2384
126 2512 2385
126 2529 2402
126 2553 2426
126 2554 2427
126 2728 2601
126 2802 2675
126 2903 2776
126 3030 2903
126 3031 2904
126 3038 2911
126 3047 2920
126 3313 3186
126 3383 3256
126 3443 3316
126 3574 3447
126 3647 3520
126 3789 3662
126 3877 3750
126 3890 3763
126 3984 3857
126 4039 3912
126 4047 3920
