3993 4120
0 1 -1
0 2 -1
1 3 -1
1 4 -1
2 5 -1
2 6 -1
3 7 -1
3 8 -1
4 9 -1
4 10 -1
5 11 -1
5 12 -1
6 13 -1
6 14 -1
7 15 -1
7 16 -1
8 17 -1
8 18 -1
9 19 -1
9 20 -1
10 21 -1
10 22 -1
11 23 -1
11 24 -1
12 25 -1
12 26 -1
13 27 -1
13 28 -1
14 29 -1
14 30 -1
15 31 -1
15 32 -1
16 33 -1
16 34 -1
17 35 -1
17 36 -1
18 37 -1
18 38 -1
19 39 -1
19 40 -1
20 41 -1
20 42 -1
21 43 -1
21 44 -1
22 45 -1
22 46 -1
23 47 -1
23 48 -1
24 49 -1
24 50 -1
25 51 -1
25 52 -1
26 53 -1
26 54 -1
27 55 -1
27 56 -1
28 57 -1
28 58 -1
29 59 -1
29 60 -1
30 61 -1
30 62 -1
31 63 -1
31 64 -1
32 65 -1
32 66 -1
33 67 -1
33 68 -1
34 69 -1
34 70 -1
35 71 -1
35 72 -1
36 73 -1
36 74 -1
37 75 -1
37 76 -1
38 77 -1
38 78 -1
39 79 -1
39 80 -1
40 81 -1
40 82 -1
41 83 -1
41 84 -1
42 85 -1
42 86 -1
43 87 -1
43 88 -1
44 89 -1
44 90 -1
45 91 -1
45 92 -1
46 93 -1
46 94 -1
47 95 -1
47 96 -1
48 97 -1
48 98 -1
49 99 -1
49 100 -1
50 101 -1
50 102 -1
51 103 -1
51 104 -1
52 105 -1
52 106 -1
53 107 -1
53 108 -1
54 109 -1
54 110 -1
55 111 -1
55 112 -1
56 113 -1
56 114 -1
57 115 -1
57 116 -1
58 117 -1
58 118 -1
59 119 -1
59 120 -1
60 121 -1
60 122 -1
61 123 -1
61 124 -1
62 125 -1
62 126 -1
63 281 154
63 282 155
63 288 161
63 289 162
63 612 485
63 649 522
63 672 545
63 791 664
63 1417 1290
63 1436 1309
63 1443 1316
63 1445 1318
63 1476 1349
63 1493 1366
63 1559 1432
63 1728 1601
63 1743 1616
63 1909 1782
63 1910 1783
63 1911 1784
63 1986 1859
63 1987 1860
63 2020 1893
63 2021 1894
63 2027 1900
63 2089 1962
63 2159 2032
63 2180 2053
63 2238 2111
63 2239 2112
63 2455 2328
63 2465 2338
63 2477 2350
63 2561 2434
63 2575 2448
63 2576 2449
63 2612 2485
63 2613 2486
63 2655 2528
63 2683 2556
63 2730 2603
63 2784 2657
63 2815 2688
63 2816 2689
63 2836 2709
63 2848 2721
63 2865 2738
63 2917 2790
63 2920 2793
63 3400 3273
63 3459 3332
63 3479 3352
63 3508 3381
63 3513 3386
63 3539 3412
63 3597 3470
63 3642 3515
63 3798 3671
63 3799 3672
63 3817 3690
63 3874 3747
63 3940 3813
63 3941 3814
64 378 251
64 517 390
64 611 484
64 613 486
64 683 556
64 735 608
64 836 709
64 922 795
64 1254 1127
64 1275 1148
64 1321 1194
64 1351 1224
64 1353 1226
64 1376 1249
64 1434 1307
64 1444 1317
64 1466 1339
64 1609 1482
64 1669 1542
64 1883 1756
64 1884 1757
64 2026 1899
64 2056 1929
64 2088 1961
64 2118 1991
64 2168 2041
64 2169 2042
64 2171 2044
64 2224 2097
64 2247 2120
64 2255 2128
64 2317 2190
64 2350 2223
64 2368 2241
64 2369 2242
64 2404 2277
64 2442 2315
64 2453 2326
64 2490 2363
64 2563 2436
64 2577 2450
64 2636 2509
64 2769 2642
64 2770 2643
64 2869 2742
64 2958 2831
64 3039 2912
64 3062 2935
64 3085 2958
64 3086 2959
64 3120 2993
64 3245 3118
64 3248 3121
64 3282 3155
64 3360 3233
64 3405 3278
64 3458 3331
64 3492 3365
64 3717 3590
64 3729 3602
64 3818 3691
64 3969 3842
65 603 476
65 618 491
65 619 492
65 687 560
65 688 561
65 909 782
65 1090 963
65 1156 1029
65 1284 1157
65 1337 1210
65 1391 1264
65 1411 1284
65 1418 1291
65 1520 1393
65 1533 1406
65 1714 1587
65 1963 1836
65 1965 1838
65 1967 1840
65 1981 1854
65 1995 1868
65 2025 1898
65 2041 1914
65 2057 1930
65 2062 1935
65 2080 1953
65 2227 2100
65 2253 2126
65 2301 2174
65 2302 2175
65 2314 2187
65 2315 2188
65 2345 2218
65 2373 2246
65 2375 2248
65 2415 2288
65 2448 2321
65 2516 2389
65 2517 2390
65 2580 2453
65 2637 2510
65 2653 2526
65 2668 2541
65 2701 2574
65 2735 2608
65 2796 2669
65 2809 2682
65 2831 2704
65 2887 2760
65 3051 2924
65 3054 2927
65 3058 2931
65 3059 2932
65 3122 2995
65 3252 3125
65 3326 3199
65 3417 3290
65 3460 3333
65 3464 3337
65 3670 3543
65 3722 3595
65 3731 3604
65 4041 3914
66 170 43
66 621 494
66 676 549
66 678 551
66 979 852
66 1010 883
66 1648 1521
66 1655 1528
66 1697 1570
66 1773 1646
66 1905 1778
66 1907 1780
66 1914 1787
66 1964 1837
66 1990 1863
66 2016 1889
66 2094 1967
66 2114 1987
66 2129 2002
66 2165 2038
66 2200 2073
66 2211 2084
66 2259 2132
66 2273 2146
66 2343 2216
66 2344 2217
66 2363 2236
66 2399 2272
66 2422 2295
66 2505 2378
66 2608 2481
66 2611 2484
66 2623 2496
66 2686 2559
66 2768 2641
66 2808 2681
66 2837 2710
66 2847 2720
66 2856 2729
66 2867 2740
66 2876 2749
66 2893 2766
66 2896 2769
66 2899 2772
66 2925 2798
66 2926 2799
66 2927 2800
66 2928 2801
66 3010 2883
66 3107 2980
66 3132 3005
66 3249 3122
66 3250 3123
66 3251 3124
66 3289 3162
66 3401 3274
66 3421 3294
66 3549 3422
66 3803 3676
66 3974 3847
66 4013 3886
66 4014 3887
67 151 24
67 185 58
67 303 176
67 311 184
67 356 229
67 573 446
67 870 743
67 1180 1053
67 1537 1410
67 1917 1790
67 2030 1903
67 2068 1941
67 2085 1958
67 2110 1983
67 2163 2036
67 2197 2070
67 2215 2088
67 2217 2090
67 2218 2091
67 2221 2094
67 2308 2181
67 2313 2186
67 2331 2204
67 2367 2240
67 2374 2247
67 2591 2464
67 2599 2472
67 2605 2478
67 2634 2507
67 2640 2513
67 2645 2518
67 2678 2551
67 2747 2620
67 2850 2723
67 2885 2758
67 2904 2777
67 2968 2841
67 2971 2844
67 2996 2869
67 3043 2916
67 3106 2979
67 3112 2985
67 3119 2992
67 3288 3161
67 3314 3187
67 3334 3207
67 3410 3283
67 3550 3423
67 3553 3426
67 3602 3475
67 3616 3489
67 3628 3501
67 3632 3505
67 3645 3518
67 3646 3519
67 3661 3534
67 3713 3586
67 3802 3675
67 3837 3710
67 3947 3820
67 3973 3846
67 4052 3925
67 4084 3957
68 140 13
68 157 30
68 182 55
68 421 294
68 438 311
68 572 445
68 583 456
68 660 533
68 930 803
68 1365 1238
68 1387 1260
68 1475 1348
68 1492 1365
68 1610 1483
68 1645 1518
68 1759 1632
68 1850 1723
68 1858 1731
68 1936 1809
68 1985 1858
68 1998 1871
68 2050 1923
68 2075 1948
68 2090 1963
68 2124 1997
68 2130 2003
68 2140 2013
68 2142 2015
68 2156 2029
68 2208 2081
68 2213 2086
68 2222 2095
68 2338 2211
68 2339 2212
68 2340 2213
68 2409 2282
68 2410 2283
68 2411 2284
68 2434 2307
68 2483 2356
68 2484 2357
68 2488 2361
68 2520 2393
68 2523 2396
68 2537 2410
68 2586 2459
68 2603 2476
68 2604 2477
68 2610 2483
68 2627 2500
68 2675 2548
68 2682 2555
68 2877 2750
68 2900 2773
68 2914 2787
68 2939 2812
68 3003 2876
68 3350 3223
68 3423 3296
68 3572 3445
68 3603 3476
68 3994 3867
69 605 478
69 626 499
69 627 500
69 648 521
69 877 750
69 941 814
69 943 816
69 1107 980
69 1157 1030
69 1171 1044
69 1319 1192
69 1382 1255
69 1507 1380
69 1769 1642
69 1807 1680
69 1818 1691
69 2038 1911
69 2119 1992
69 2121 1994
69 2151 2024
69 2190 2063
69 2191 2064
69 2193 2066
69 2194 2067
69 2233 2106
69 2235 2108
69 2257 2130
69 2304 2177
69 2305 2178
69 2312 2185
69 2388 2261
69 2445 2318
69 2509 2382
69 2567 2440
69 2569 2442
69 2571 2444
69 2572 2445
69 2641 2514
69 2646 2519
69 2654 2527
69 2853 2726
69 2953 2826
69 3014 2887
69 3067 2940
69 3071 2944
69 3295 3168
69 3351 3224
69 3402 3275
69 3413 3286
69 3471 3344
69 3491 3364
69 3543 3416
69 3575 3448
69 3576 3449
69 3610 3483
69 3675 3548
69 3691 3564
69 3727 3600
69 3819 3692
69 3820 3693
69 3829 3702
69 3922 3795
69 3999 3872
70 193 66
70 490 363
70 528 401
70 602 475
70 798 671
70 931 804
70 1038 911
70 1067 940
70 1121 994
70 1150 1023
70 1276 1149
70 1318 1191
70 1433 1306
70 1616 1489
70 2031 1904
70 2053 1926
70 2084 1957
70 2087 1960
70 2115 1988
70 2125 1998
70 2166 2039
70 2271 2144
70 2294 2167
70 2358 2231
70 2456 2329
70 2480 2353
70 2493 2366
70 2562 2435
70 2564 2437
70 2639 2512
70 2695 2568
70 2705 2578
70 2801 2674
70 2849 2722
70 3011 2884
70 3013 2886
70 3077 2950
70 3183 3056
70 3224 3097
70 3235 3108
70 3243 3116
70 3290 3163
70 3293 3166
70 3337 3210
70 3354 3227
70 3355 3228
70 3382 3255
70 3411 3284
70 3412 3285
70 3419 3292
70 3424 3297
70 3545 3418
70 3561 3434
70 3571 3444
70 3586 3459
70 3730 3603
70 3736 3609
70 3741 3614
70 3809 3682
70 3823 3696
70 3992 3865
70 3997 3870
71 291 164
71 333 206
71 493 366
71 494 367
71 502 375
71 563 436
71 636 509
71 647 520
71 729 602
71 1172 1045
71 1291 1164
71 1432 1305
71 1500 1373
71 1638 1511
71 1748 1621
71 1771 1644
71 1938 1811
71 1962 1835
71 2035 1908
71 2051 1924
71 2052 1925
71 2077 1950
71 2149 2022
71 2229 2102
71 2366 2239
71 2412 2285
71 2441 2314
71 2644 2517
71 2742 2615
71 2758 2631
71 2792 2665
71 2870 2743
71 2935 2808
71 2959 2832
71 2960 2833
71 2964 2837
71 3110 2983
71 3173 3046
71 3284 3157
71 3307 3180
71 3387 3260
71 3393 3266
71 3457 3330
71 3468 3341
71 3473 3346
71 3524 3397
71 3578 3451
71 3611 3484
71 3689 3562
71 3709 3582
71 3791 3664
71 3813 3686
71 3889 3762
71 3902 3775
71 3910 3783
71 3911 3784
71 3913 3786
71 3942 3815
71 3946 3819
71 3964 3837
71 3976 3849
71 4005 3878
71 4049 3922
72 250 123
72 396 269
72 505 378
72 580 453
72 906 779
72 907 780
72 908 781
72 915 788
72 1298 1171
72 1397 1270
72 1504 1377
72 1521 1394
72 1618 1491
72 1619 1492
72 1620 1493
72 1637 1510
72 1639 1512
72 1690 1563
72 1738 1611
72 1752 1625
72 1753 1626
72 1844 1717
72 1851 1724
72 1871 1744
72 1920 1793
72 1940 1813
72 1941 1814
72 1942 1815
72 1948 1821
72 1973 1846
72 1979 1852
72 1988 1861
72 2045 1918
72 2063 1936
72 2066 1939
72 2083 1956
72 2117 1990
72 2127 2000
72 2147 2020
72 2148 2021
72 2188 2061
72 2243 2116
72 2244 2117
72 2266 2139
72 2349 2222
72 2365 2238
72 2741 2614
72 2759 2632
72 2841 2714
72 2845 2718
72 2863 2736
72 3237 3110
72 3327 3200
72 3569 3442
72 3684 3557
72 3831 3704
72 3903 3776
72 3914 3787
72 3962 3835
72 3971 3844
72 4045 3918
72 4055 3928
73 290 163
73 319 192
73 468 341
73 664 537
73 1009 882
73 1023 896
73 1043 916
73 1144 1017
73 1285 1158
73 1286 1159
73 1420 1293
73 1594 1467
73 1647 1520
73 1650 1523
73 1668 1541
73 1706 1579
73 1707 1580
73 1708 1581
73 1763 1636
73 1869 1742
73 1996 1869
73 2164 2037
73 2178 2051
73 2286 2159
73 2290 2163
73 2328 2201
73 2335 2208
73 2389 2262
73 2390 2263
73 2397 2270
73 2414 2287
73 2482 2355
73 2506 2379
73 2551 2424
73 2579 2452
73 2631 2504
73 2674 2547
73 2688 2561
73 2715 2588
73 2804 2677
73 2934 2807
73 2961 2834
73 3027 2900
73 3109 2982
73 3153 3026
73 3174 3047
73 3261 3134
73 3269 3142
73 3399 3272
73 3414 3287
73 3415 3288
73 3428 3301
73 3442 3315
73 3520 3393
73 3521 3394
73 3525 3398
73 3526 3399
73 3568 3441
73 3594 3467
73 3660 3533
73 3662 3535
73 3915 3788
73 3965 3838
74 500 373
74 504 377
74 584 457
74 1307 1180
74 1596 1469
74 1625 1498
74 1703 1576
74 1908 1781
74 1997 1870
74 2005 1878
74 2055 1928
74 2064 1937
74 2067 1940
74 2078 1951
74 2135 2008
74 2137 2010
74 2141 2014
74 2144 2017
74 2150 2023
74 2204 2077
74 2205 2078
74 2223 2096
74 2245 2118
74 2278 2151
74 2320 2193
74 2322 2195
74 2470 2343
74 2500 2373
74 2578 2451
74 2581 2454
74 2583 2456
74 2589 2462
74 2590 2463
74 2592 2465
74 2648 2521
74 2697 2570
74 2698 2571
74 2821 2694
74 2874 2747
74 2881 2754
74 2884 2757
74 2940 2813
74 2984 2857
74 3029 2902
74 3111 2984
74 3114 2987
74 3121 2994
74 3247 3120
74 3266 3139
74 3439 3312
74 3488 3361
74 3533 3406
74 3615 3488
74 3692 3565
74 3770 3643
74 3794 3667
74 3858 3731
74 3859 3732
74 3972 3845
74 4026 3899
74 4028 3901
74 4029 3902
75 328 201
75 799 672
75 1392 1265
75 1572 1445
75 1974 1847
75 1975 1848
75 1980 1853
75 2017 1890
75 2192 2065
75 2303 2176
75 2498 2371
75 2510 2383
75 2615 2488
75 2638 2511
75 2650 2523
75 2772 2645
75 2788 2661
75 2882 2755
75 2957 2830
75 3063 2936
75 3068 2941
75 3078 2951
75 3079 2952
75 3080 2953
75 3134 3007
75 3137 3010
75 3163 3036
75 3190 3063
75 3204 3077
75 3207 3080
75 3209 3082
75 3212 3085
75 3213 3086
75 3222 3095
75 3227 3100
75 3229 3102
75 3231 3104
75 3239 3112
75 3294 3167
75 3614 3487
75 3674 3547
75 3735 3608
75 3737 3610
75 3738 3611
75 3739 3612
75 3740 3613
75 3744 3617
75 3746 3619
75 3747 3620
75 3748 3621
75 3749 3622
75 3750 3623
75 3751 3624
75 3752 3625
75 3756 3629
75 3757 3630
75 3758 3631
75 3759 3632
75 3760 3633
75 3761 3634
75 3763 3636
75 3764 3637
75 3765 3638
76 2018 1891
76 2032 1905
76 2040 1913
76 2042 1915
76 2043 1916
76 2297 2170
76 2403 2276
76 2413 2286
76 2438 2311
76 2439 2312
76 2481 2354
76 2513 2386
76 2532 2405
76 2565 2438
76 2588 2461
76 2744 2617
76 2753 2626
76 2763 2636
76 2949 2822
76 2976 2849
76 2985 2858
76 3006 2879
76 3008 2881
76 3012 2885
76 3060 2933
76 3064 2937
76 3072 2945
76 3073 2946
76 3101 2974
76 3126 2999
76 3154 3027
76 3189 3062
76 3191 3064
76 3192 3065
76 3193 3066
76 3201 3074
76 3202 3075
76 3203 3076
76 3206 3079
76 3208 3081
76 3210 3083
76 3211 3084
76 3214 3087
76 3215 3088
76 3216 3089
76 3217 3090
76 3218 3091
76 3219 3092
76 3220 3093
76 3223 3096
76 3225 3098
76 3226 3099
76 3228 3101
76 3230 3103
76 3232 3105
76 3233 3106
76 3234 3107
76 3236 3109
76 3238 3111
76 3240 3113
76 3242 3115
76 3566 3439
77 541 414
77 1338 1211
77 1402 1275
77 1403 1276
77 1404 1277
77 1456 1329
77 1457 1330
77 1458 1331
77 1459 1332
77 1989 1862
77 2133 2006
77 2309 2182
77 2327 2200
77 2355 2228
77 2398 2271
77 2542 2415
77 2568 2441
77 2582 2455
77 2651 2524
77 2669 2542
77 2681 2554
77 2707 2580
77 2708 2581
77 2891 2764
77 2901 2774
77 2902 2775
77 2947 2820
77 3081 2954
77 3124 2997
77 3140 3013
77 3141 3014
77 3142 3015
77 3143 3016
77 3144 3017
77 3145 3018
77 3146 3019
77 3147 3020
77 3148 3021
77 3149 3022
77 3150 3023
77 3151 3024
77 3152 3025
77 3165 3038
77 3166 3039
77 3167 3040
77 3168 3041
77 3169 3042
77 3176 3049
77 3177 3050
77 3178 3051
77 3179 3052
77 3181 3054
77 3184 3057
77 3185 3058
77 3186 3059
77 3187 3060
77 3195 3068
77 3197 3070
77 3198 3071
77 3205 3078
77 3221 3094
77 3664 3537
78 2311 2184
78 3180 3053
78 3241 3114
78 3253 3126
78 3255 3128
78 3258 3131
78 3296 3169
78 3320 3193
78 3332 3205
78 3345 3218
78 3376 3249
78 3391 3264
78 3422 3295
78 3436 3309
78 3448 3321
78 3470 3343
78 3475 3348
78 3485 3358
78 3493 3366
78 3496 3369
78 3500 3373
78 3510 3383
78 3527 3400
78 3528 3401
78 3529 3402
78 3530 3403
78 3531 3404
78 3536 3409
78 3542 3415
78 3548 3421
78 3592 3465
78 3593 3466
78 3595 3468
78 3598 3471
78 3604 3477
78 3607 3480
78 3608 3481
78 3609 3482
78 3649 3522
78 3650 3523
78 3657 3530
78 3658 3531
78 3666 3539
78 3668 3541
78 3671 3544
78 3673 3546
78 3814 3687
78 3816 3689
78 3828 3701
78 3838 3711
78 3850 3723
78 3851 3724
78 3852 3725
78 3854 3727
78 3855 3728
78 3856 3729
78 3933 3806
78 3934 3807
78 3935 3808
78 4030 3903
78 4031 3904
78 4068 3941
79 439 312
79 643 516
79 1138 1011
79 1287 1160
79 1295 1168
79 1632 1505
79 1679 1552
79 1688 1561
79 1724 1597
79 1766 1639
79 1767 1640
79 1876 1749
79 2274 2147
79 2283 2156
79 2359 2232
79 2364 2237
79 2395 2268
79 2396 2269
79 2430 2303
79 2977 2850
79 2978 2851
79 3061 2934
79 3090 2963
79 3161 3034
79 3274 3147
79 3275 3148
79 3277 3150
79 3278 3151
79 3305 3178
79 3319 3192
79 3324 3197
79 3331 3204
79 3368 3241
79 3371 3244
79 3372 3245
79 3432 3305
79 3434 3307
79 3435 3308
79 3501 3374
79 3540 3413
79 3541 3414
79 3583 3456
79 3584 3457
79 3585 3458
79 3605 3478
79 3620 3493
79 3665 3538
79 3694 3567
79 3695 3568
79 3696 3569
79 3742 3615
79 3743 3616
79 3774 3647
79 3775 3648
79 3924 3797
79 3926 3799
79 3928 3801
79 3929 3802
79 3930 3803
79 3931 3804
79 3932 3805
79 3936 3809
79 4007 3880
80 195 68
80 253 126
80 321 194
80 323 196
80 383 256
80 457 330
80 491 364
80 496 369
80 632 505
80 640 513
80 651 524
80 741 614
80 911 784
80 1025 898
80 1202 1075
80 1336 1209
80 1437 1310
80 1547 1420
80 1548 1421
80 1549 1422
80 1601 1474
80 1657 1530
80 1659 1532
80 1678 1551
80 1760 1633
80 1855 1728
80 1864 1737
80 1867 1740
80 1874 1747
80 1875 1748
80 1945 1818
80 2092 1965
80 2356 2229
80 2437 2310
80 2699 2572
80 2740 2613
80 2844 2717
80 3265 3138
80 3335 3208
80 3343 3216
80 3357 3230
80 3359 3232
80 3370 3243
80 3388 3261
80 3390 3263
80 3433 3306
80 3456 3329
80 3466 3339
80 3502 3375
80 3637 3510
80 3690 3563
80 3707 3580
80 3810 3683
80 4008 3881
80 4076 3949
80 4104 3977
80 4106 3979
80 4107 3980
80 4108 3981
80 4109 3982
80 4111 3984
80 4112 3985
81 382 255
81 392 265
81 506 379
81 507 380
81 624 497
81 639 512
81 641 514
81 645 518
81 682 555
81 777 650
81 840 713
81 920 793
81 923 796
81 1013 886
81 1176 1049
81 1225 1098
81 1235 1108
81 1252 1125
81 1272 1145
81 1281 1154
81 1358 1231
81 1590 1463
81 1602 1475
81 1633 1506
81 1654 1527
81 1674 1547
81 1702 1575
81 1863 1736
81 1950 1823
81 2022 1895
81 2023 1896
81 2175 2048
81 2268 2141
81 2275 2148
81 2285 2158
81 2346 2219
81 2560 2433
81 2633 2506
81 2661 2534
81 2811 2684
81 2981 2854
81 2982 2855
81 2983 2856
81 3001 2874
81 3057 2930
81 3097 2970
81 3098 2971
81 3099 2972
81 3257 3130
81 3311 3184
81 3312 3185
81 3318 3191
81 3344 3217
81 3418 3291
81 3587 3460
81 3626 3499
81 3766 3639
81 3869 3742
81 3870 3743
81 3871 3744
81 3923 3796
81 3970 3843
81 4088 3961
82 145 18
82 149 22
82 244 117
82 347 220
82 350 223
82 629 502
82 748 621
82 755 628
82 838 711
82 872 745
82 1022 895
82 1063 936
82 1191 1064
82 1217 1090
82 1282 1155
82 1288 1161
82 1636 1509
82 1684 1557
82 1691 1564
82 1710 1583
82 1761 1634
82 1946 1819
82 1976 1849
82 1983 1856
82 1993 1866
82 2044 1917
82 2048 1921
82 2070 1943
82 2093 1966
82 2183 2056
82 2269 2142
82 2282 2155
82 2295 2168
82 2296 2169
82 2352 2225
82 2526 2399
82 2527 2400
82 2746 2619
82 2773 2646
82 2775 2648
82 2833 2706
82 2889 2762
82 2911 2784
82 2915 2788
82 3002 2875
82 3024 2897
82 3104 2977
82 3133 3006
82 3139 3012
82 3170 3043
82 3323 3196
82 3565 3438
82 3619 3492
82 3623 3496
82 3624 3497
82 3656 3529
82 3785 3658
82 3840 3713
82 3843 3716
82 3857 3730
82 3925 3798
82 4077 3950
83 134 7
83 530 403
83 1113 986
83 1130 1003
83 1196 1069
83 1197 1070
83 1198 1071
83 1199 1072
83 1320 1193
83 1439 1312
83 1640 1513
83 1660 1533
83 1661 1534
83 1665 1538
83 1666 1539
83 1680 1553
83 1681 1554
83 1682 1555
83 1683 1556
83 1756 1629
83 1861 1734
83 2291 2164
83 2491 2364
83 2659 2532
83 2673 2546
83 3004 2877
83 3084 2957
83 3087 2960
83 3196 3069
83 3262 3135
83 3268 3141
83 3285 3158
83 3297 3170
83 3298 3171
83 3299 3172
83 3304 3177
83 3310 3183
83 3336 3209
83 3348 3221
83 3349 3222
83 3358 3231
83 3362 3235
83 3363 3236
83 3364 3237
83 3365 3238
83 3366 3239
83 3409 3282
83 3486 3359
83 3489 3362
83 3497 3370
83 3499 3372
83 3558 3431
83 3559 3432
83 3562 3435
83 3613 3486
83 3655 3528
83 3693 3566
83 3772 3645
83 3773 3646
83 3892 3765
83 3950 3823
83 4000 3873
83 4006 3879
84 341 214
84 492 365
84 531 404
84 532 405
84 638 511
84 720 593
84 746 619
84 762 635
84 841 714
84 978 851
84 1092 965
84 1438 1311
84 1588 1461
84 1664 1537
84 1778 1651
84 1779 1652
84 1780 1653
84 1862 1735
84 2385 2258
84 2536 2409
84 2777 2650
84 3044 2917
84 3045 2918
84 3117 2990
84 3118 2991
84 3157 3030
84 3158 3031
84 3160 3033
84 3194 3067
84 3276 3149
84 3286 3159
84 3287 3160
84 3300 3173
84 3302 3175
84 3303 3176
84 3325 3198
84 3361 3234
84 3369 3242
84 3426 3299
84 3431 3304
84 3487 3360
84 3494 3367
84 3495 3368
84 3498 3371
84 3581 3454
84 3582 3455
84 3630 3503
84 3631 3504
84 3635 3508
84 3636 3509
84 3638 3511
84 3651 3524
84 3701 3574
84 3733 3606
84 3771 3644
84 3919 3792
84 3927 3800
84 3943 3816
84 3978 3851
84 4003 3876
84 4059 3932
84 4060 3933
85 366 239
85 581 454
85 582 455
85 689 562
85 772 645
85 829 702
85 871 744
85 879 752
85 910 783
85 1015 888
85 1129 1002
85 1195 1068
85 1386 1259
85 1656 1529
85 1774 1647
85 1937 1810
85 2152 2025
85 2333 2206
85 2387 2260
85 2392 2265
85 2594 2467
85 2595 2468
85 2912 2785
85 3049 2922
85 3053 2926
85 3108 2981
85 3256 3129
85 3260 3133
85 3407 3280
85 3450 3323
85 3490 3363
85 3555 3428
85 3557 3430
85 3560 3433
85 3634 3507
85 3754 3627
85 3795 3668
85 3796 3669
85 3807 3680
85 3815 3688
85 3821 3694
85 3822 3695
85 3830 3703
85 3839 3712
85 3866 3739
85 3872 3745
85 3880 3753
85 3885 3758
85 3888 3761
85 3899 3772
85 3945 3818
85 3957 3830
85 3977 3850
85 3996 3869
85 4004 3877
85 4017 3890
85 4018 3891
85 4022 3895
85 4023 3896
85 4058 3931
85 4114 3987
85 4117 3990
86 591 464
86 666 539
86 1359 1232
86 1395 1268
86 1422 1295
86 1709 1582
86 1772 1645
86 1805 1678
86 1968 1841
86 1972 1845
86 2009 1882
86 2010 1883
86 2011 1884
86 2012 1885
86 2013 1886
86 2014 1887
86 2072 1945
86 2073 1946
86 2098 1971
86 2099 1972
86 2100 1973
86 2101 1974
86 2138 2011
86 2181 2054
86 2250 2123
86 2292 2165
86 2371 2244
86 2393 2266
86 2431 2304
86 2436 2309
86 2596 2469
86 2629 2502
86 2750 2623
86 2827 2700
86 2941 2814
86 2966 2839
86 2990 2863
86 2991 2864
86 3015 2888
86 3046 2919
86 3082 2955
86 3088 2961
86 3089 2962
86 3128 3001
86 3129 3002
86 3155 3028
86 3171 3044
86 3172 3045
86 3321 3194
86 3408 3281
86 3444 3317
86 3445 3318
86 3446 3319
86 3556 3429
86 3577 3450
86 3612 3485
86 3678 3551
86 3679 3552
86 3728 3601
86 3906 3779
86 3907 3780
86 3916 3789
87 674 547
87 1039 912
87 1040 913
87 1160 1033
87 1242 1115
87 1280 1153
87 1332 1205
87 1377 1250
87 1378 1251
87 1604 1477
87 1658 1531
87 1786 1659
87 2036 1909
87 2172 2045
87 2348 2221
87 2643 2516
87 2749 2622
87 2766 2639
87 2779 2652
87 2832 2705
87 2840 2713
87 2842 2715
87 2843 2716
87 2942 2815
87 2946 2819
87 2952 2825
87 2970 2843
87 3020 2893
87 3021 2894
87 3271 3144
87 3281 3154
87 3283 3156
87 3291 3164
87 3356 3229
87 3373 3246
87 3453 3326
87 3455 3328
87 3467 3340
87 3515 3388
87 3522 3395
87 3523 3396
87 3621 3494
87 3652 3525
87 3663 3536
87 3683 3556
87 3697 3570
87 3700 3573
87 3702 3575
87 3703 3576
87 3704 3577
87 3705 3578
87 3718 3591
87 3721 3594
87 3723 3596
87 3724 3597
87 3846 3719
87 3951 3824
87 4001 3874
87 4011 3884
87 4053 3926
87 4091 3964
87 4100 3973
87 4101 3974
88 883 756
88 884 757
88 947 820
88 1042 915
88 1081 954
88 1193 1066
88 1194 1067
88 1218 1091
88 1335 1208
88 1356 1229
88 1407 1280
88 1542 1415
88 1560 1433
88 1686 1559
88 1712 1585
88 1809 1682
88 1866 1739
88 2037 1910
88 2176 2049
88 2360 2233
88 2660 2533
88 2724 2597
88 2731 2604
88 2790 2663
88 2894 2767
88 2895 2768
88 2943 2816
88 2944 2817
88 3069 2942
88 3270 3143
88 3272 3145
88 3273 3146
88 3329 3202
88 3330 3203
88 3338 3211
88 3394 3267
88 3395 3268
88 3430 3303
88 3441 3314
88 3449 3322
88 3633 3506
88 3644 3517
88 3659 3532
88 3667 3540
88 3726 3599
88 3776 3649
88 3778 3651
88 3779 3652
88 3845 3718
88 3847 3720
88 3849 3722
88 3920 3793
88 4054 3927
88 4079 3952
88 4080 3953
88 4087 3960
88 4094 3967
88 4097 3970
88 4102 3975
88 4113 3986
88 4115 3988
88 4116 3989
89 310 183
89 521 394
89 522 395
89 608 481
89 631 504
89 633 506
89 731 604
89 732 605
89 733 606
89 1080 953
89 1167 1040
89 1333 1206
89 1352 1225
89 1481 1354
89 1719 1592
89 1813 1686
89 1814 1687
89 2177 2050
89 2293 2166
89 2425 2298
89 2426 2299
89 2427 2300
89 2494 2367
89 2712 2585
89 2717 2590
89 2854 2727
89 2886 2759
89 2929 2802
89 3280 3153
89 3306 3179
89 3451 3324
89 3452 3325
89 3461 3334
89 3462 3335
89 3514 3387
89 3516 3389
89 3547 3420
89 3699 3572
89 3719 3592
89 3720 3593
89 3777 3650
89 3780 3653
89 3848 3721
89 3863 3736
89 3939 3812
89 4043 3916
89 4044 3917
89 4071 3944
89 4073 3946
89 4074 3947
89 4075 3948
89 4078 3951
89 4082 3955
89 4083 3956
89 4085 3958
89 4086 3959
89 4089 3962
89 4090 3963
89 4092 3965
89 4093 3966
89 4095 3968
89 4118 3991
89 4119 3992
90 127 0
90 630 503
90 695 568
90 696 569
90 881 754
90 1004 877
90 1078 951
90 1271 1144
90 1363 1236
90 1388 1261
90 1389 1262
90 1488 1361
90 1595 1468
90 1715 1588
90 1783 1656
90 1828 1701
90 1925 1798
90 2001 1874
90 2059 1932
90 2069 1942
90 2128 2001
90 2173 2046
90 2288 2161
90 2319 2192
90 2330 2203
90 2405 2278
90 2418 2291
90 2419 2292
90 2420 2293
90 2424 2297
90 2454 2327
90 2521 2394
90 2573 2446
90 2635 2508
90 2684 2557
90 2685 2558
90 2700 2573
90 2713 2586
90 2734 2607
90 2748 2621
90 2800 2673
90 2829 2702
90 2933 2806
90 2945 2818
90 3017 2890
90 3018 2891
90 3022 2895
90 3023 2896
90 3052 2925
90 3092 2965
90 3136 3009
90 3279 3152
90 3342 3215
90 3374 3247
90 3504 3377
90 3824 3697
90 3825 3698
90 3826 3699
90 3853 3726
90 4103 3976
90 4105 3978
90 4110 3983
91 128 1
91 133 6
91 136 9
91 143 16
91 283 156
91 284 157
91 358 231
91 414 287
91 459 332
91 510 383
91 544 417
91 568 441
91 569 442
91 663 536
91 665 538
91 710 583
91 714 587
91 715 588
91 769 642
91 776 649
91 1005 878
91 1021 894
91 1105 978
91 1128 1001
91 1134 1007
91 1139 1012
91 1206 1079
91 1562 1435
91 1671 1544
91 1700 1573
91 1899 1772
91 1970 1843
91 1994 1867
91 2276 2149
91 2353 2226
91 2495 2368
91 2534 2407
91 2696 2569
91 2745 2618
91 2813 2686
91 2814 2687
91 2817 2690
91 2888 2761
91 2948 2821
91 2956 2829
91 3009 2882
91 3066 2939
91 3115 2988
91 3138 3011
91 3175 3048
91 3392 3265
91 3465 3338
91 3517 3390
91 3518 3391
91 3546 3419
91 3681 3554
91 3708 3581
91 3842 3715
91 3979 3852
91 3982 3855
91 3983 3856
91 4010 3883
91 4062 3935
92 132 5
92 141 14
92 144 17
92 154 27
92 159 32
92 228 101
92 237 110
92 261 134
92 264 137
92 274 147
92 280 153
92 320 193
92 361 234
92 362 235
92 381 254
92 394 267
92 418 291
92 474 347
92 475 348
92 501 374
92 513 386
92 514 387
92 520 393
92 543 416
92 550 423
92 704 577
92 767 640
92 826 699
92 891 764
92 892 765
92 1019 892
92 1027 900
92 1041 914
92 1112 985
92 1114 987
92 1126 999
92 1179 1052
92 1192 1065
92 1243 1116
92 1283 1156
92 1314 1187
92 1390 1263
92 1497 1370
92 1546 1419
92 1627 1500
92 1764 1637
92 1765 1638
92 1846 1719
92 1897 1770
92 2167 2040
92 2209 2082
92 2230 2103
92 2287 2160
92 2289 2162
92 2606 2479
92 2680 2553
92 2789 2662
92 2806 2679
92 3341 3214
92 3519 3392
92 3698 3571
92 3787 3660
93 138 11
93 982 855
93 1166 1039
93 1569 1442
93 1597 1470
93 1727 1600
93 1803 1676
93 1804 1677
93 1822 1695
93 1823 1696
93 1969 1842
93 1971 1844
93 2015 1888
93 2028 1901
93 2029 1902
93 2058 1931
93 2112 1985
93 2139 2012
93 2210 2083
93 2220 2093
93 2248 2121
93 2251 2124
93 2256 2129
93 2264 2137
93 2277 2150
93 2316 2189
93 2334 2207
93 2351 2224
93 2382 2255
93 2421 2294
93 2555 2428
93 2574 2447
93 2621 2494
93 2649 2522
93 2671 2544
93 2672 2545
93 2676 2549
93 2718 2591
93 2719 2592
93 2736 2609
93 2756 2629
93 2765 2638
93 2805 2678
93 2866 2739
93 2919 2792
93 2965 2838
93 2979 2852
93 3000 2873
93 3016 2889
93 3050 2923
93 3246 3119
93 3316 3189
93 3346 3219
93 3375 3248
93 3386 3259
93 3389 3262
93 3396 3269
93 3397 3270
93 3484 3357
93 3865 3738
93 3886 3759
93 3894 3767
94 139 12
94 294 167
94 646 519
94 669 542
94 692 565
94 775 648
94 779 652
94 842 715
94 987 860
94 1100 973
94 1111 984
94 1175 1048
94 1190 1063
94 1204 1077
94 1354 1227
94 1369 1242
94 1535 1408
94 1540 1413
94 1563 1436
94 1626 1499
94 1649 1522
94 1739 1612
94 1755 1628
94 1768 1641
94 1821 1694
94 1865 1738
94 1943 1816
94 1947 1820
94 2174 2047
94 2342 2215
94 2451 2324
94 2726 2599
94 2767 2640
94 2798 2671
94 2951 2824
94 2954 2827
94 2969 2842
94 2998 2871
94 3048 2921
94 3056 2929
94 3094 2967
94 3095 2968
94 3244 3117
94 3333 3206
94 3398 3271
94 3416 3289
94 3454 3327
94 3463 3336
94 3480 3353
94 3481 3354
94 3482 3355
94 3483 3356
94 3606 3479
94 3625 3498
94 3706 3579
94 3782 3655
94 3811 3684
94 3812 3685
94 3860 3733
94 3917 3790
94 4056 3929
94 4072 3945
95 146 19
95 148 21
95 277 150
95 278 151
95 402 275
95 536 409
95 539 412
95 579 452
95 614 487
95 616 489
95 620 493
95 713 586
95 727 600
95 807 680
95 869 742
95 876 749
95 886 759
95 893 766
95 894 767
95 895 768
95 896 769
95 897 770
95 898 771
95 899 772
95 901 774
95 903 776
95 936 809
95 948 821
95 958 831
95 959 832
95 960 833
95 961 834
95 986 859
95 997 870
95 1061 934
95 1062 935
95 1073 946
95 1075 948
95 1158 1031
95 1183 1056
95 1184 1057
95 1185 1058
95 1186 1059
95 1260 1133
95 1269 1142
95 1270 1143
95 1340 1213
95 1364 1237
95 1379 1252
95 1380 1253
95 1485 1358
95 1519 1392
95 1541 1414
95 1561 1434
95 1699 1572
95 1745 1618
95 1790 1663
95 1791 1664
95 1819 1692
95 1845 1718
95 1881 1754
95 1933 1806
95 1956 1829
96 302 175
96 615 488
96 684 557
96 771 644
96 874 747
96 887 760
96 900 773
96 902 775
96 935 808
96 951 824
96 952 825
96 975 848
96 1036 909
96 1037 910
96 1069 942
96 1106 979
96 1109 982
96 1124 997
96 1125 998
96 1145 1018
96 1346 1219
96 1347 1220
96 1348 1221
96 1419 1292
96 1451 1324
96 1478 1351
96 1516 1389
96 1517 1390
96 1518 1391
96 1615 1488
96 1802 1675
96 1840 1713
96 1841 1714
96 1904 1777
96 1921 1794
96 1935 1808
96 1953 1826
96 2158 2031
96 2162 2035
96 2170 2043
96 2179 2052
96 2234 2107
96 2246 2119
96 2249 2122
96 2329 2202
96 2336 2209
96 2354 2227
96 2361 2234
96 2376 2249
96 2386 2259
96 2394 2267
96 2402 2275
96 2598 2471
96 2691 2564
96 2703 2576
96 2722 2595
96 2780 2653
96 2781 2654
96 2783 2656
96 2797 2670
96 2938 2811
96 4063 3936
97 178 51
97 186 59
97 301 174
97 413 286
97 449 322
97 485 358
97 617 490
97 675 548
97 677 550
97 679 552
97 680 553
97 681 554
97 770 643
97 785 658
97 802 675
97 804 677
97 806 679
97 817 690
97 875 748
97 890 763
97 917 790
97 937 810
97 938 811
97 1018 891
97 1026 899
97 1053 926
97 1056 929
97 1057 930
97 1147 1020
97 1148 1021
97 1222 1095
97 1253 1126
97 1262 1135
97 1263 1136
97 1267 1140
97 1268 1141
97 1289 1162
97 1355 1228
97 1361 1234
97 1430 1303
97 1461 1334
97 1530 1403
97 1585 1458
97 1662 1535
97 1663 1536
97 1741 1614
97 1758 1631
97 1801 1674
97 1896 1769
97 1924 1797
97 2187 2060
97 2300 2173
97 2738 2611
97 2776 2649
97 2799 2672
97 2807 2680
97 2812 2685
97 2835 2708
97 2839 2712
97 2905 2778
97 3070 2943
97 3554 3427
97 3921 3794
98 129 2
98 179 52
98 229 102
98 309 182
98 429 302
98 586 459
98 625 498
98 628 501
98 637 510
98 685 558
98 686 559
98 691 564
98 783 656
98 803 676
98 861 734
98 862 735
98 873 746
98 878 751
98 946 819
98 977 850
98 988 861
98 1055 928
98 1059 932
98 1065 938
98 1117 990
98 1151 1024
98 1153 1026
98 1154 1027
98 1155 1028
98 1159 1032
98 1161 1034
98 1169 1042
98 1174 1047
98 1223 1096
98 1251 1124
98 1279 1152
98 1301 1174
98 1308 1181
98 1312 1185
98 1339 1212
98 1398 1271
98 1399 1272
98 1400 1273
98 1401 1274
98 1408 1281
98 1409 1282
98 1416 1289
98 1454 1327
98 1462 1335
98 1494 1367
98 1495 1368
98 1505 1378
98 1554 1427
98 1652 1525
98 1717 1590
98 1721 1594
98 1808 1681
98 1816 1689
98 1886 1759
98 1900 1773
98 1926 1799
98 1977 1850
99 231 104
99 561 434
99 668 541
99 694 567
99 766 639
99 800 673
99 810 683
99 811 684
99 819 692
99 863 736
99 905 778
99 942 815
99 945 818
99 950 823
99 953 826
99 955 828
99 956 829
99 965 838
99 970 843
99 973 846
99 974 847
99 980 853
99 995 868
99 996 869
99 1003 876
99 1054 927
99 1077 950
99 1094 967
99 1096 969
99 1170 1043
99 1216 1089
99 1255 1128
99 1302 1175
99 1310 1183
99 1311 1184
99 1366 1239
99 1367 1240
99 1381 1254
99 1383 1256
99 1414 1287
99 1415 1288
99 1449 1322
99 1460 1333
99 1483 1356
99 1502 1375
99 1567 1440
99 1568 1441
99 1576 1449
99 1642 1515
99 1643 1516
99 1704 1577
99 1713 1586
99 1730 1603
99 1746 1619
99 1751 1624
99 1782 1655
99 1792 1665
99 1794 1667
99 1795 1668
99 1835 1708
99 1893 1766
99 1923 1796
99 1955 1828
100 130 3
100 192 65
100 222 95
100 266 139
100 461 334
100 557 430
100 644 517
100 652 525
100 655 528
100 761 634
100 773 646
100 784 657
100 788 661
100 794 667
100 795 668
100 856 729
100 1006 879
100 1032 905
100 1035 908
100 1051 924
100 1052 925
100 1084 957
100 1088 961
100 1168 1041
100 1178 1051
100 1210 1083
100 1224 1097
100 1231 1104
100 1258 1131
100 1259 1132
100 1362 1235
100 1393 1266
100 1406 1279
100 1429 1302
100 1450 1323
100 1468 1341
100 1469 1342
100 1472 1345
100 1474 1347
100 1480 1353
100 1501 1374
100 1503 1376
100 1511 1384
100 1566 1439
100 1570 1443
100 1605 1478
100 1608 1481
100 1692 1565
100 1694 1567
100 1711 1584
100 1716 1589
100 1720 1593
100 1723 1596
100 1737 1610
100 1747 1620
100 1784 1657
100 1842 1715
100 1847 1720
100 1898 1771
100 1902 1775
100 1903 1776
100 1952 1825
101 224 97
101 466 339
101 525 398
101 635 508
101 705 578
101 706 579
101 708 581
101 709 582
101 712 585
101 757 630
101 940 813
101 1002 875
101 1012 885
101 1070 943
101 1177 1050
101 1189 1062
101 1274 1147
101 1277 1150
101 1303 1176
101 1304 1177
101 1305 1178
101 1306 1179
101 1313 1186
101 1322 1195
101 1330 1203
101 1349 1222
101 1350 1223
101 1421 1294
101 1423 1296
101 1435 1308
101 1464 1337
101 1465 1338
101 1467 1340
101 1479 1352
101 1491 1364
101 1564 1437
101 1571 1444
101 1598 1471
101 1599 1472
101 1621 1494
101 1622 1495
101 1693 1566
101 1705 1578
101 1731 1604
101 1732 1605
101 1733 1606
101 1742 1615
101 1744 1617
101 1796 1669
101 1797 1670
101 1798 1671
101 1812 1685
101 1820 1693
101 1824 1697
101 1827 1700
101 1830 1703
101 1836 1709
101 1882 1755
101 1894 1767
101 1895 1768
101 1912 1785
101 1913 1786
102 137 10
102 435 308
102 518 391
102 606 479
102 607 480
102 622 495
102 667 540
102 673 546
102 697 570
102 711 584
102 789 662
102 790 663
102 792 665
102 793 666
102 885 758
102 933 806
102 934 807
102 944 817
102 981 854
102 983 856
102 1072 945
102 1108 981
102 1165 1038
102 1173 1046
102 1232 1105
102 1248 1121
102 1249 1122
102 1250 1123
102 1265 1138
102 1266 1139
102 1293 1166
102 1294 1167
102 1296 1169
102 1297 1170
102 1299 1172
102 1334 1207
102 1360 1233
102 1368 1241
102 1370 1243
102 1371 1244
102 1372 1245
102 1374 1247
102 1375 1248
102 1396 1269
102 1412 1285
102 1413 1286
102 1452 1325
102 1477 1350
102 1487 1360
102 1506 1379
102 1575 1448
102 1593 1466
102 1603 1476
102 1634 1507
102 1635 1508
102 1729 1602
102 1788 1661
102 1800 1673
102 1817 1690
102 1825 1698
102 1829 1702
102 3420 3293
103 158 31
103 242 115
103 299 172
103 300 173
103 318 191
103 415 288
103 515 388
103 535 408
103 599 472
103 716 589
103 719 592
103 722 595
103 730 603
103 744 617
103 756 629
103 805 678
103 821 694
103 822 695
103 904 777
103 968 841
103 991 864
103 992 865
103 998 871
103 999 872
103 1031 904
103 1044 917
103 1045 918
103 1046 919
103 1047 920
103 1048 921
103 1049 922
103 1050 923
103 1142 1015
103 1143 1016
103 1146 1019
103 1181 1054
103 1182 1055
103 1212 1085
103 1215 1088
103 1226 1099
103 1236 1109
103 1292 1165
103 1341 1214
103 1357 1230
103 1394 1267
103 1410 1283
103 1536 1409
103 1565 1438
103 1574 1447
103 1725 1598
103 1843 1716
103 1848 1721
103 1880 1753
103 1922 1795
103 2000 1873
103 2096 1969
103 2146 2019
103 2324 2197
103 2423 2296
103 3135 3008
103 3601 3474
103 3862 3735
103 3995 3868
104 661 534
104 954 827
104 1029 902
104 1030 903
104 1086 959
104 1240 1113
104 1247 1120
104 1385 1258
104 1431 1304
104 1455 1328
104 1644 1517
104 1653 1526
104 1793 1666
104 1834 1707
104 1860 1733
104 2157 2030
104 2201 2074
104 2206 2079
104 2241 2114
104 2321 2194
104 2379 2252
104 2479 2352
104 2539 2412
104 2665 2538
104 2689 2562
104 2852 2725
104 2855 2728
104 2923 2796
104 2973 2846
104 2974 2847
104 3025 2898
104 3075 2948
104 3309 3182
104 3404 3277
104 3469 3342
104 3534 3407
104 3535 3408
104 3801 3674
104 3804 3677
104 3805 3678
104 3806 3679
104 3844 3717
104 3864 3737
104 3867 3740
104 3876 3749
104 3879 3752
104 3882 3755
104 3887 3760
104 3893 3766
104 3896 3769
104 3897 3770
104 3898 3771
104 3905 3778
104 3909 3782
104 3986 3859
104 4040 3913
104 4042 3915
104 4070 3943
104 4081 3954
104 4096 3969
104 4098 3971
104 4099 3972
105 508 381
105 592 465
105 600 473
105 609 482
105 610 483
105 662 535
105 670 543
105 671 544
105 700 573
105 701 574
105 818 691
105 967 840
105 993 866
105 1076 949
105 1089 962
105 1091 964
105 1115 988
105 1132 1005
105 1133 1006
105 1149 1022
105 1221 1094
105 1234 1107
105 1261 1134
105 1309 1182
105 1453 1326
105 1482 1355
105 1538 1411
105 1586 1459
105 1587 1460
105 1589 1462
105 1592 1465
105 1695 1568
105 1757 1630
105 1810 1683
105 1852 1725
105 1853 1726
105 1890 1763
105 1906 1779
105 1939 1812
105 2095 1968
105 2252 2125
105 2380 2253
105 2485 2358
105 2492 2365
105 2751 2624
105 3083 2956
105 3156 3029
105 3254 3127
105 3292 3165
105 3505 3378
105 3640 3513
105 3732 3605
105 3745 3618
105 3762 3635
105 3781 3654
105 3784 3657
105 3800 3673
105 3808 3681
105 3861 3734
105 3868 3741
105 3938 3811
105 3955 3828
105 3959 3832
106 241 114
106 276 149
106 279 152
106 357 230
106 359 232
106 360 233
106 431 304
106 432 305
106 540 413
106 549 422
106 593 466
106 596 469
106 796 669
106 797 670
106 939 812
106 1060 933
106 1315 1188
106 1486 1359
106 1555 1428
106 1556 1429
106 1785 1658
106 1934 1807
106 2254 2127
106 2272 2145
106 2381 2254
106 2417 2290
106 2518 2391
106 2544 2417
106 2556 2429
106 2619 2492
106 2642 2515
106 2677 2550
106 2687 2560
106 2757 2630
106 2834 2707
106 2897 2770
106 2898 2771
106 2908 2781
106 2921 2794
106 2922 2795
106 2924 2797
106 2931 2804
106 2950 2823
106 2999 2872
106 3116 2989
106 3714 3587
106 3716 3589
106 3725 3598
106 3734 3607
106 3961 3834
106 3980 3853
106 3990 3863
106 3991 3864
106 3993 3866
106 4009 3882
106 4012 3885
106 4021 3894
106 4025 3898
106 4027 3900
106 4061 3934
106 4065 3938
106 4066 3939
107 255 128
107 292 165
107 293 166
107 317 190
107 390 263
107 516 389
107 526 399
107 577 450
107 718 591
107 723 596
107 765 638
107 774 647
107 843 716
107 844 717
107 845 718
107 882 755
107 976 849
107 994 867
107 1033 906
107 1064 937
107 1101 974
107 1119 992
107 1207 1080
107 1219 1092
107 1220 1093
107 1264 1137
107 1331 1204
107 1426 1299
107 1427 1300
107 1428 1301
107 1470 1343
107 1473 1346
107 1527 1400
107 1528 1401
107 1529 1402
107 1531 1404
107 1578 1451
107 1591 1464
107 1606 1479
107 1607 1480
107 1628 1501
107 1735 1608
107 1736 1609
107 1806 1679
107 1811 1684
107 1826 1699
107 1887 1760
107 1892 1765
107 1928 1801
107 1929 1802
107 1930 1803
107 2323 2196
107 2457 2330
107 2461 2334
107 2499 2372
107 2514 2387
107 2846 2719
107 2972 2845
107 3339 3212
107 3564 3437
107 3618 3491
107 3677 3550
107 3711 3584
108 147 20
108 152 25
108 153 26
108 246 119
108 254 127
108 257 130
108 275 148
108 349 222
108 374 247
108 419 292
108 420 293
108 456 329
108 458 331
108 462 335
108 463 336
108 464 337
108 546 419
108 547 420
108 562 435
108 642 515
108 650 523
108 703 576
108 929 802
108 1001 874
108 1008 881
108 1074 947
108 1079 952
108 1085 958
108 1116 989
108 1162 1035
108 1328 1201
108 1405 1278
108 1425 1298
108 1440 1313
108 1463 1336
108 1498 1371
108 1499 1372
108 1515 1388
108 1532 1405
108 1545 1418
108 1558 1431
108 1573 1446
108 1675 1548
108 1676 1549
108 1740 1613
108 1750 1623
108 1754 1627
108 1878 1751
108 2326 2199
108 2377 2250
108 2416 2289
108 2464 2337
108 2720 2593
108 2752 2625
108 2787 2660
108 2857 2730
108 2859 2732
108 3103 2976
108 3641 3514
108 3715 3588
108 3975 3848
108 4015 3888
109 150 23
109 230 103
109 425 298
109 444 317
109 658 531
109 698 571
109 699 572
109 702 575
109 778 651
109 808 681
109 809 682
109 812 685
109 814 687
109 815 688
109 852 725
109 853 726
109 854 727
109 855 728
109 857 730
109 864 737
109 865 738
109 957 830
109 962 835
109 963 836
109 964 837
109 966 839
109 969 842
109 984 857
109 985 858
109 1011 884
109 1016 889
109 1097 970
109 1163 1036
109 1164 1037
109 1228 1101
109 1237 1110
109 1238 1111
109 1342 1215
109 1343 1216
109 1471 1344
109 1484 1357
109 1508 1381
109 1577 1450
109 1580 1453
109 1583 1456
109 1614 1487
109 1630 1503
109 1689 1562
109 1749 1622
109 1799 1672
109 1885 1758
109 1919 1792
109 2459 2332
109 2466 2339
109 2755 2628
109 2918 2791
109 3096 2969
109 3506 3379
109 3755 3628
109 3783 3656
109 3792 3665
109 4020 3893
110 166 39
110 194 67
110 295 168
110 400 273
110 426 299
110 480 353
110 548 421
110 570 443
110 659 532
110 725 598
110 726 599
110 751 624
110 780 653
110 781 654
110 782 655
110 801 674
110 813 686
110 816 689
110 820 693
110 851 724
110 858 731
110 859 732
110 860 733
110 866 739
110 868 741
110 928 801
110 971 844
110 972 845
110 1017 890
110 1066 939
110 1137 1010
110 1187 1060
110 1211 1084
110 1229 1102
110 1230 1103
110 1239 1112
110 1317 1190
110 1329 1202
110 1424 1297
110 1552 1425
110 1553 1426
110 1557 1430
110 1581 1454
110 1582 1455
110 1611 1484
110 1701 1574
110 1726 1599
110 1832 1705
110 1889 1762
110 1927 1800
110 2003 1876
110 2004 1877
110 3100 2973
110 3503 3376
110 3676 3549
110 3832 3705
110 3937 3810
110 3968 3841
110 3981 3854
110 4016 3889
110 4046 3919
110 4057 3930
111 273 146
111 427 300
111 556 429
111 597 470
111 623 496
111 742 615
111 750 623
111 759 632
111 1007 880
111 1120 993
111 1273 1146
111 1325 1198
111 1490 1363
111 1623 1496
111 1646 1519
111 2024 1897
111 2039 1912
111 2061 1934
111 2065 1938
111 2086 1959
111 2120 1993
111 2126 1999
111 2155 2028
111 2198 2071
111 2231 2104
111 2232 2105
111 2236 2109
111 2258 2131
111 2261 2134
111 2263 2136
111 2299 2172
111 2307 2180
111 2378 2251
111 2407 2280
111 2408 2281
111 2440 2313
111 2443 2316
111 2460 2333
111 2519 2392
111 2540 2413
111 2601 2474
111 2602 2475
111 2670 2543
111 2704 2577
111 2706 2579
111 2709 2582
111 2710 2583
111 2711 2584
111 2723 2596
111 2830 2703
111 2879 2752
111 2975 2848
111 3007 2880
111 3028 2901
111 3200 3073
111 3478 3351
111 3680 3553
111 3797 3670
111 3835 3708
111 3836 3709
111 3900 3773
111 3901 3774
111 3904 3777
112 363 236
112 434 307
112 467 340
112 489 362
112 576 449
112 590 463
112 717 590
112 848 721
112 919 792
112 1083 956
112 1140 1013
112 1300 1173
112 1326 1199
112 1489 1362
112 1631 1504
112 1859 1732
112 1916 1789
112 1959 1832
112 2006 1879
112 2008 1881
112 2102 1975
112 2103 1976
112 2104 1977
112 2107 1980
112 2113 1986
112 2136 2009
112 2186 2059
112 2199 2072
112 2216 2089
112 2279 2152
112 2280 2153
112 2281 2154
112 2383 2256
112 2384 2257
112 2433 2306
112 2472 2345
112 2474 2347
112 2524 2397
112 2525 2398
112 2530 2403
112 2566 2439
112 2584 2457
112 2652 2525
112 2786 2659
112 2793 2666
112 2820 2693
112 2880 2753
112 2883 2756
112 2967 2840
112 2989 2862
112 2992 2865
112 3035 2908
112 3036 2909
112 3040 2913
112 3042 2915
112 3544 3417
112 3590 3463
112 3599 3472
112 3643 3516
112 3710 3583
112 3875 3748
112 4067 3940
113 167 40
113 177 50
113 304 177
113 305 178
113 306 179
113 322 195
113 365 238
113 367 240
113 410 283
113 476 349
113 542 415
113 601 474
113 604 477
113 747 620
113 832 705
113 1000 873
113 1024 897
113 1034 907
113 1141 1014
113 1245 1118
113 1323 1196
113 1373 1246
113 1722 1595
113 1957 1830
113 2007 1880
113 2060 1933
113 2071 1944
113 2154 2027
113 2203 2076
113 2207 2080
113 2270 2143
113 2298 2171
113 2347 2220
113 2372 2245
113 2406 2279
113 2429 2302
113 2469 2342
113 2502 2375
113 2545 2418
113 2550 2423
113 2657 2530
113 2658 2531
113 2716 2589
113 2743 2616
113 2762 2635
113 2782 2655
113 2794 2667
113 2803 2676
113 2858 2731
113 2994 2867
113 2995 2868
113 3123 2996
113 3182 3055
113 3385 3258
113 3447 3320
113 3627 3500
113 3648 3521
113 3685 3558
113 3790 3663
113 3952 3825
113 3954 3827
113 3963 3836
113 3998 3871
114 168 41
114 238 111
114 247 120
114 249 122
114 370 243
114 450 323
114 451 324
114 486 359
114 559 432
114 849 722
114 880 753
114 1082 955
114 1152 1025
114 1257 1130
114 1316 1189
114 1327 1200
114 1345 1218
114 1612 1485
114 1837 1710
114 1918 1791
114 1999 1872
114 2054 1927
114 2074 1947
114 2079 1952
114 2105 1978
114 2106 1979
114 2108 1981
114 2109 1982
114 2111 1984
114 2182 2055
114 2184 2057
114 2185 2058
114 2212 2085
114 2226 2099
114 2267 2140
114 2306 2179
114 2473 2346
114 2475 2348
114 2476 2349
114 2507 2380
114 2522 2395
114 2549 2422
114 2552 2425
114 2664 2537
114 2692 2565
114 2838 2711
114 2906 2779
114 2909 2782
114 2962 2835
114 2963 2836
114 3026 2899
114 3037 2910
114 3105 2978
114 3340 3213
114 3437 3310
114 3563 3436
114 3567 3440
114 3580 3453
114 3588 3461
114 3589 3462
114 3958 3831
114 4050 3923
115 172 45
115 184 57
115 258 131
115 259 132
115 298 171
115 330 203
115 331 204
115 387 260
115 411 284
115 441 314
115 443 316
115 453 326
115 470 343
115 495 368
115 527 400
115 558 431
115 585 458
115 724 597
115 758 631
115 786 659
115 824 697
115 828 701
115 914 787
115 1095 968
115 1324 1197
115 1613 1486
115 1629 1502
115 1651 1524
115 1777 1650
115 1932 1805
115 1960 1833
115 1961 1834
115 2097 1970
115 2143 2016
115 2145 2018
115 2195 2068
115 2225 2098
115 2284 2157
115 2332 2205
115 2458 2331
115 2471 2344
115 2511 2384
115 2512 2385
115 2547 2420
115 2625 2498
115 2628 2501
115 2728 2601
115 2795 2668
115 2860 2733
115 2903 2776
115 2937 2810
115 2993 2866
115 3030 2903
115 3031 2904
115 3055 2928
115 3162 3035
115 3353 3226
115 3551 3424
115 3596 3469
115 3647 3520
115 3883 3756
115 4032 3905
115 4033 3906
116 171 44
116 206 79
116 226 99
116 227 100
116 297 170
116 307 180
116 308 181
116 340 213
116 348 221
116 368 241
116 416 289
116 422 295
116 442 315
116 445 318
116 465 338
116 471 344
116 478 351
116 523 396
116 533 406
116 595 468
116 657 530
116 754 627
116 768 641
116 823 696
116 927 800
116 932 805
116 1201 1074
116 1209 1082
116 1213 1086
116 1241 1114
116 1384 1257
116 1441 1314
116 1838 1711
116 1856 1729
116 1944 1817
116 1978 1851
116 1982 1855
116 1991 1864
116 1992 1865
116 2161 2034
116 2341 2214
116 2362 2235
116 2467 2340
116 2529 2402
116 2553 2426
116 2554 2427
116 2614 2487
116 2632 2505
116 2721 2594
116 2802 2675
116 2822 2695
116 2986 2859
116 2988 2861
116 3383 3256
116 3472 3345
116 3789 3662
116 3877 3750
116 3890 3763
116 3984 3857
116 3985 3858
116 4039 3912
116 4047 3920
117 173 46
117 325 198
117 372 245
117 433 306
117 473 346
117 588 461
117 589 462
117 594 467
117 787 660
117 989 862
117 1093 966
117 1188 1061
117 1227 1100
117 1344 1217
117 1442 1315
117 1539 1412
117 1617 1490
117 1762 1635
117 1831 1704
117 1849 1722
117 1954 1827
117 2033 1906
117 2260 2133
117 2265 2138
117 2310 2183
117 2462 2335
117 2515 2388
117 2559 2432
117 2609 2482
117 2626 2499
117 2647 2520
117 2725 2598
117 2732 2605
117 2754 2627
117 2778 2651
117 2823 2696
117 2826 2699
117 2868 2741
117 2872 2745
117 2875 2748
117 2878 2751
117 2930 2803
117 2932 2805
117 3032 2905
117 3033 2906
117 3034 2907
117 3041 2914
117 3093 2966
117 3263 3136
117 3264 3137
117 3315 3188
117 3322 3195
117 3377 3250
117 3378 3251
117 3379 3252
117 3380 3253
117 3511 3384
117 3512 3385
117 3591 3464
117 3639 3512
117 3788 3661
117 4035 3908
118 183 56
118 220 93
118 243 116
118 245 118
118 263 136
118 329 202
118 371 244
118 373 246
118 634 507
118 690 563
118 736 609
118 827 700
118 889 762
118 1127 1000
118 1214 1087
118 1233 1106
118 1246 1119
118 1278 1151
118 1584 1457
118 1775 1648
118 1839 1712
118 1877 1750
118 1888 1761
118 2034 1907
118 2153 2026
118 2202 2075
118 2214 2087
118 2237 2110
118 2240 2113
118 2318 2191
118 2325 2198
118 2432 2305
118 2447 2320
118 2450 2323
118 2478 2351
118 2489 2362
118 2496 2369
118 2501 2374
118 2528 2401
118 2585 2458
118 2607 2480
118 2662 2535
118 2663 2536
118 2667 2540
118 2679 2552
118 2737 2610
118 2761 2634
118 2764 2637
118 2791 2664
118 2825 2698
118 2828 2701
118 2873 2746
118 2916 2789
118 2936 2809
118 2955 2828
118 3076 2949
118 3113 2986
118 3381 3254
118 3786 3659
118 4036 3909
118 4037 3910
118 4038 3911
119 217 90
119 251 124
119 268 141
119 269 142
119 380 253
119 406 279
119 430 303
119 479 352
119 483 356
119 497 370
119 498 371
119 598 471
119 737 610
119 837 710
119 839 712
119 850 723
119 1058 931
119 1135 1008
119 1208 1081
119 1510 1383
119 1543 1416
119 1677 1550
119 2091 1964
119 2228 2101
119 2357 2230
119 2452 2325
119 2497 2370
119 2541 2414
119 2597 2470
119 2622 2495
119 2702 2575
119 2729 2602
119 2892 2765
119 2997 2870
119 3130 3003
119 3131 3004
119 3159 3032
119 3259 3132
119 3267 3140
119 3384 3257
119 3474 3347
119 3476 3349
119 3477 3350
119 3507 3380
119 3537 3410
119 3552 3425
119 3570 3443
119 3573 3446
119 3617 3490
119 3653 3526
119 3687 3560
119 3688 3561
119 3767 3640
119 3768 3641
119 3769 3642
119 3833 3706
119 3834 3707
119 3895 3768
119 3953 3826
119 3966 3839
119 3967 3840
119 3987 3860
119 3988 3861
120 267 140
120 285 158
120 286 159
120 287 160
120 312 185
120 313 186
120 326 199
120 339 212
120 351 224
120 353 226
120 354 227
120 355 228
120 375 248
120 376 249
120 379 252
120 384 257
120 385 258
120 386 259
120 388 261
120 389 262
120 401 274
120 403 276
120 407 280
120 428 301
120 446 319
120 482 355
120 503 376
120 565 438
120 566 439
120 567 440
120 734 607
120 752 625
120 760 633
120 924 797
120 925 798
120 1122 995
120 1123 996
120 1448 1321
120 1550 1423
120 1673 1546
120 1857 1730
120 1872 1745
120 1879 1752
120 1949 1822
120 2468 2341
120 2557 2430
120 2558 2431
120 2570 2443
120 2656 2529
120 2666 2539
120 2693 2566
120 2694 2567
120 2785 2658
120 2871 2744
120 2910 2783
120 3317 3190
120 3427 3300
120 3654 3527
120 3712 3585
120 3948 3821
120 4002 3875
120 4019 3892
121 216 89
121 218 91
121 314 187
121 315 188
121 342 215
121 343 216
121 399 272
121 452 325
121 469 342
121 537 410
121 578 451
121 763 636
121 764 637
121 847 720
121 867 740
121 949 822
121 1098 971
121 1104 977
121 1118 991
121 1496 1369
121 1534 1407
121 1696 1569
121 1698 1571
121 1833 1706
121 1901 1774
121 1951 1824
121 2076 1949
121 2131 2004
121 2132 2005
121 2134 2007
121 2242 2115
121 2400 2273
121 2401 2274
121 2428 2301
121 2463 2336
121 2587 2460
121 2618 2491
121 2620 2493
121 2739 2612
121 2760 2633
121 2810 2683
121 2824 2697
121 2864 2737
121 2987 2860
121 3005 2878
121 3019 2892
121 3074 2947
121 3308 3181
121 3347 3220
121 3367 3240
121 3532 3405
121 3538 3411
121 3672 3545
121 3682 3555
121 3827 3700
121 3841 3714
121 3873 3746
121 3918 3791
121 3949 3822
121 3989 3862
121 4024 3897
121 4048 3921
121 4064 3937
122 344 217
122 412 285
122 454 327
122 455 328
122 499 372
122 555 428
122 560 433
122 738 611
122 743 616
122 990 863
122 1512 1385
122 1513 1386
122 1514 1387
122 1523 1396
122 1524 1397
122 1525 1398
122 1526 1399
122 1579 1452
122 1600 1473
122 1667 1540
122 1734 1607
122 1787 1660
122 1789 1662
122 1891 1764
122 1966 1839
122 2046 1919
122 2047 1920
122 2160 2033
122 2435 2308
122 2449 2322
122 2486 2359
122 2487 2360
122 2508 2381
122 2531 2404
122 2535 2408
122 2538 2411
122 2543 2416
122 2593 2466
122 2616 2489
122 2617 2490
122 2771 2644
122 2818 2691
122 2819 2692
122 2861 2734
122 2862 2735
122 2890 2763
122 2907 2780
122 3091 2964
122 3102 2975
122 3127 3000
122 3164 3037
122 3188 3061
122 3199 3072
122 3352 3225
122 3509 3382
122 3579 3452
122 3622 3495
122 3629 3502
122 3669 3542
122 3686 3559
122 3753 3626
122 3908 3781
123 131 4
123 155 28
123 156 29
123 162 35
123 163 36
123 165 38
123 180 53
123 189 62
123 196 69
123 197 70
123 198 71
123 199 72
123 204 77
123 205 78
123 208 81
123 209 82
123 210 83
123 212 85
123 214 87
123 219 92
123 221 94
123 225 98
123 239 112
123 248 121
123 252 125
123 256 129
123 270 143
123 271 144
123 332 205
123 346 219
123 352 225
123 364 237
123 369 242
123 391 264
123 393 266
123 395 268
123 397 270
123 409 282
123 440 313
123 448 321
123 481 354
123 534 407
123 564 437
123 721 594
123 728 601
123 753 626
123 918 791
123 1028 901
123 1071 944
123 1099 972
123 1203 1076
123 1290 1163
123 1522 1395
123 1687 1560
123 1781 1654
123 1868 1741
123 1958 1831
123 2189 2062
123 2533 2406
123 2714 2587
123 2727 2600
123 2851 2724
123 3403 3276
124 135 8
124 142 15
124 160 33
124 161 34
124 169 42
124 176 49
124 181 54
124 187 60
124 188 61
124 190 63
124 202 75
124 207 80
124 215 88
124 232 105
124 235 108
124 236 109
124 260 133
124 262 135
124 265 138
124 316 189
124 324 197
124 327 200
124 334 207
124 335 208
124 404 277
124 405 278
124 408 281
124 436 309
124 437 310
124 472 345
124 488 361
124 509 382
124 524 397
124 529 402
124 538 411
124 574 447
124 575 448
124 739 612
124 740 613
124 825 698
124 831 704
124 833 706
124 834 707
124 835 708
124 912 785
124 916 789
124 921 794
124 1020 893
124 1131 1004
124 1205 1078
124 1551 1424
124 1854 1727
124 1873 1746
124 2081 1954
124 2082 1955
124 2122 1995
124 2123 1996
124 2444 2317
124 2503 2376
124 2504 2377
124 2690 2563
124 4069 3942
125 164 37
125 203 76
125 240 113
125 272 145
125 398 271
125 447 320
125 460 333
125 477 350
125 487 360
125 519 392
125 554 427
125 571 444
125 653 526
125 654 527
125 693 566
125 846 719
125 1087 960
125 1200 1073
125 1256 1129
125 1446 1319
125 1447 1320
125 1544 1417
125 1624 1497
125 1672 1545
125 1685 1558
125 1770 1643
125 1776 1649
125 1915 1788
125 1984 1857
125 2002 1875
125 2049 1922
125 2116 1989
125 2196 2069
125 2219 2092
125 2262 2135
125 2337 2210
125 2370 2243
125 2391 2264
125 2446 2319
125 2546 2419
125 2548 2421
125 2774 2647
125 2913 2786
125 3038 2911
125 3047 2920
125 3065 2938
125 3328 3201
125 3406 3279
125 3425 3298
125 3429 3302
125 3443 3316
125 3574 3447
125 3600 3473
125 3878 3751
125 3881 3754
125 3884 3757
125 3891 3764
125 3944 3817
125 3956 3829
125 3960 3833
125 4034 3907
125 4051 3924
126 174 47
126 175 48
126 191 64
126 200 73
126 201 74
126 211 84
126 213 86
126 223 96
126 233 106
126 234 107
126 296 169
126 336 209
126 337 210
126 338 211
126 345 218
126 377 250
126 417 290
126 423 296
126 424 297
126 484 357
126 511 384
126 512 385
126 545 418
126 551 424
126 552 425
126 553 426
126 587 460
126 656 529
126 707 580
126 745 618
126 749 622
126 830 703
126 888 761
126 913 786
126 926 799
126 1014 887
126 1068 941
126 1102 975
126 1103 976
126 1110 983
126 1136 1009
126 1244 1117
126 1509 1382
126 1641 1514
126 1670 1543
126 1718 1591
126 1815 1688
126 1870 1743
126 1931 1804
126 2019 1892
126 2600 2473
126 2624 2497
126 2630 2503
126 2733 2606
126 2980 2853
126 3125 2998
126 3301 3174
126 3313 3186
126 3438 3311
126 3440 3313
126 3793 3666
126 3912 3785
