3993 4120
0 1 -1
0 2 -1
1 3 -1
1 4 -1
2 5 -1
2 6 -1
3 7 -1
3 8 -1
4 9 -1
4 10 -1
5 11 -1
5 12 -1
6 13 -1
6 14 -1
7 15 -1
7 16 -1
8 17 -1
8 18 -1
9 19 -1
9 20 -1
10 21 -1
10 22 -1
11 23 -1
11 24 -1
12 25 -1
12 26 -1
13 27 -1
13 28 -1
14 29 -1
14 30 -1
15 31 -1
15 32 -1
16 33 -1
16 34 -1
17 35 -1
17 36 -1
18 37 -1
18 38 -1
19 39 -1
19 40 -1
20 41 -1
20 42 -1
21 43 -1
21 44 -1
22 45 -1
22 46 -1
23 47 -1
23 48 -1
24 49 -1
24 50 -1
25 51 -1
25 52 -1
26 53 -1
26 54 -1
27 55 -1
27 56 -1
28 57 -1
28 58 -1
29 59 -1
29 60 -1
30 61 -1
30 62 -1
31 63 -1
31 64 -1
32 65 -1
32 66 -1
33 67 -1
33 68 -1
34 69 -1
34 70 -1
35 71 -1
35 72 -1
36 73 -1
36 74 -1
37 75 -1
37 76 -1
38 77 -1
38 78 -1
39 79 -1
39 80 -1
40 81 -1
40 82 -1
41 83 -1
41 84 -1
42 85 -1
42 86 -1
43 87 -1
43 88 -1
44 89 -1
44 90 -1
45 91 -1
45 92 -1
46 93 -1
46 94 -1
47 95 -1
47 96 -1
48 97 -1
48 98 -1
49 99 -1
49 100 -1
50 101 -1
50 102 -1
51 103 -1
51 104 -1
52 105 -1
52 106 -1
53 107 -1
53 108 -1
54 109 -1
54 110 -1
55 111 -1
55 112 -1
56 113 -1
56 114 -1
57 115 -1
57 116 -1
58 117 -1
58 118 -1
59 119 -1
59 120 -1
60 121 -1
60 122 -1
61 123 -1
61 124 -1
62 125 -1
62 126 -1
63 128 1
63 136 9
63 149 22
63 361 234
63 362 235
63 382 255
63 439 312
63 506 379
63 507 380
63 510 383
63 624 497
63 641 514
63 645 518
63 646 519
63 755 628
63 769 642
63 775 648
63 839 712
63 840 713
63 872 745
63 910 783
63 920 793
63 923 796
63 1013 886
63 1015 888
63 1021 894
63 1105 978
63 1129 1002
63 1134 1007
63 1191 1064
63 1252 1125
63 1272 1145
63 1282 1155
63 1288 1161
63 1548 1421
63 1618 1491
63 1636 1509
63 1654 1527
63 1663 1536
63 1674 1547
63 1702 1575
63 1753 1626
63 1774 1647
63 1863 1736
63 1940 1813
63 1993 1866
63 2023 1896
63 2175 2048
63 2295 2168
63 2504 2377
63 2526 2399
63 2560 2433
63 2773 2646
63 2905 2778
63 2966 2839
63 3024 2897
63 3104 2977
63 3344 3217
63 3626 3499
63 4072 3945
63 4074 3947
63 4114 3987
63 4117 3990
64 629 502
64 748 621
64 772 645
64 777 650
64 871 744
64 879 752
64 1176 1049
64 1195 1068
64 1217 1090
64 1225 1098
64 1287 1160
64 1386 1259
64 1602 1475
64 1684 1557
64 1685 1558
64 1691 1564
64 1710 1583
64 1937 1810
64 1971 1844
64 2274 2147
64 2285 2158
64 2296 2169
64 2334 2207
64 2346 2219
64 2359 2232
64 2387 2260
64 2594 2467
64 3061 2934
64 3108 2981
64 3133 3006
64 3170 3043
64 3256 3129
64 3257 3130
64 3305 3178
64 3311 3184
64 3316 3189
64 3319 3192
64 3323 3196
64 3341 3214
64 3371 3244
64 3435 3308
64 3555 3428
64 3557 3430
64 3565 3438
64 3583 3456
64 3623 3496
64 3624 3497
64 3787 3660
64 3795 3668
64 3807 3680
64 3815 3688
64 3822 3695
64 3839 3712
64 3872 3745
64 3880 3753
64 3884 3757
64 3886 3759
64 3888 3761
64 3899 3772
64 3923 3796
64 3926 3799
64 3996 3869
65 591 464
65 666 539
65 1166 1039
65 1235 1108
65 1359 1232
65 1395 1268
65 1422 1295
65 1633 1506
65 1709 1582
65 1805 1678
65 1968 1841
65 1970 1843
65 2009 1882
65 2010 1883
65 2011 1884
65 2013 1886
65 2014 1887
65 2048 1921
65 2072 1945
65 2073 1946
65 2098 1971
65 2100 1973
65 2101 1974
65 2138 2011
65 2139 2012
65 2181 2054
65 2183 2056
65 2250 2123
65 2264 2137
65 2268 2141
65 2275 2148
65 2282 2155
65 2292 2165
65 2351 2224
65 2393 2266
65 2436 2309
65 2596 2469
65 2633 2506
65 2750 2623
65 2811 2684
65 2827 2700
65 2911 2784
65 2981 2854
65 2982 2855
65 2983 2856
65 2990 2863
65 2991 2864
65 3001 2874
65 3046 2919
65 3097 2970
65 3098 2971
65 3099 2972
65 3128 3001
65 3129 3002
65 3321 3194
65 3445 3318
65 3644 3517
65 3728 3601
65 3869 3742
65 3870 3743
65 3871 3744
65 3906 3779
65 3916 3789
66 366 239
66 581 454
66 582 455
66 637 510
66 639 512
66 1281 1154
66 1358 1231
66 1454 1327
66 1540 1413
66 1590 1463
66 1656 1529
66 1972 1845
66 1976 1849
66 1977 1850
66 2012 1885
66 2022 1895
66 2152 2025
66 2330 2203
66 2333 2206
66 2371 2244
66 2392 2265
66 2431 2304
66 2595 2468
66 2661 2534
66 2912 2785
66 2933 2806
66 2941 2814
66 3015 2888
66 3049 2922
66 3053 2926
66 3057 2930
66 3082 2955
66 3155 3028
66 3171 3044
66 3172 3045
66 3260 3133
66 3312 3185
66 3318 3191
66 3407 3280
66 3408 3281
66 3418 3291
66 3446 3319
66 3556 3429
66 3560 3433
66 3577 3450
66 3587 3460
66 3612 3485
66 3634 3507
66 3754 3627
66 3766 3639
66 3796 3669
66 3821 3694
66 3830 3703
66 3857 3730
66 3866 3739
66 3907 3780
66 3945 3818
66 3970 3843
66 4004 3877
66 4022 3895
66 4023 3896
66 4088 3961
67 134 7
67 492 365
67 531 404
67 532 405
67 638 511
67 829 702
67 1130 1003
67 1196 1069
67 1197 1070
67 1198 1071
67 1438 1311
67 1588 1461
67 1640 1513
67 1662 1535
67 1950 1823
67 2291 2164
67 2385 2258
67 2536 2409
67 2659 2532
67 2673 2546
67 2777 2650
67 3087 2960
67 3090 2963
67 3157 3030
67 3158 3031
67 3194 3067
67 3196 3069
67 3262 3135
67 3285 3158
67 3286 3159
67 3287 3160
67 3297 3170
67 3298 3171
67 3299 3172
67 3300 3173
67 3325 3198
67 3362 3235
67 3364 3237
67 3365 3238
67 3366 3239
67 3426 3299
67 3489 3362
67 3497 3370
67 3499 3372
67 3558 3431
67 3562 3435
67 3581 3454
67 3635 3508
67 3636 3509
67 3678 3551
67 3679 3552
67 3693 3566
67 3772 3645
67 3977 3850
67 3978 3851
67 4000 3873
67 4006 3879
67 4017 3890
67 4018 3891
67 4055 3928
67 4058 3931
67 4059 3932
67 4060 3933
68 341 214
68 720 593
68 746 619
68 762 635
68 841 714
68 978 851
68 1092 965
68 1113 986
68 1320 1193
68 1439 1312
68 1660 1533
68 1661 1534
68 1664 1537
68 1665 1538
68 1666 1539
68 1680 1553
68 1681 1554
68 1682 1555
68 1683 1556
68 1690 1563
68 1756 1629
68 1779 1652
68 1861 1734
68 1862 1735
68 2491 2364
68 3004 2877
68 3044 2917
68 3045 2918
68 3084 2957
68 3117 2990
68 3118 2991
68 3160 3033
68 3268 3141
68 3276 3149
68 3302 3175
68 3303 3176
68 3304 3177
68 3310 3183
68 3336 3209
68 3348 3221
68 3349 3222
68 3358 3231
68 3363 3236
68 3409 3282
68 3431 3304
68 3486 3359
68 3487 3360
68 3490 3363
68 3494 3367
68 3498 3371
68 3559 3432
68 3582 3455
68 3613 3486
68 3630 3503
68 3631 3504
68 3638 3511
68 3655 3528
68 3773 3646
68 3892 3765
68 3919 3792
68 3943 3816
68 3950 3823
69 195 68
69 392 265
69 496 369
69 632 505
69 682 555
69 741 614
69 1063 936
69 1202 1075
69 1336 1209
69 1437 1310
69 1760 1633
69 1761 1634
69 1780 1653
69 1864 1737
69 1867 1740
69 1945 1818
69 1946 1819
69 2092 1965
69 2364 2237
69 2396 2269
69 2437 2310
69 2775 2648
69 2844 2717
69 3265 3138
69 3324 3197
69 3335 3208
69 3343 3216
69 3357 3230
69 3359 3232
69 3369 3242
69 3370 3243
69 3388 3261
69 3390 3263
69 3433 3306
69 3456 3329
69 3540 3413
69 3619 3492
69 3637 3510
69 3651 3524
69 3656 3529
69 3665 3538
69 3690 3563
69 3694 3567
69 3695 3568
69 3707 3580
69 3733 3606
69 3771 3644
69 3774 3647
69 3785 3658
69 3810 3683
69 3925 3798
69 3927 3800
69 3931 3804
69 3936 3809
69 4003 3876
69 4007 3880
69 4077 3950
69 4104 3977
69 4107 3980
69 4108 3981
69 4109 3982
69 4111 3984
69 4112 3985
70 252 125
70 253 126
70 321 194
70 323 196
70 383 256
70 396 269
70 457 330
70 491 364
70 640 513
70 643 516
70 651 524
70 911 784
70 1025 898
70 1295 1168
70 1453 1326
70 1547 1420
70 1549 1422
70 1601 1474
70 1632 1505
70 1657 1530
70 1659 1532
70 1677 1550
70 1678 1551
70 1679 1552
70 1687 1560
70 1724 1597
70 1766 1639
70 1767 1640
70 1855 1728
70 1874 1747
70 1875 1748
70 1876 1749
70 2283 2156
70 2356 2229
70 2430 2303
70 2503 2376
70 2699 2572
70 2729 2602
70 2741 2614
70 2757 2630
70 3161 3034
70 3274 3147
70 3275 3148
70 3277 3150
70 3278 3151
70 3372 3245
70 3432 3305
70 3434 3307
70 3466 3339
70 3502 3375
70 3584 3457
70 3585 3458
70 3605 3478
70 3661 3534
70 3696 3569
70 3742 3615
70 3743 3616
70 3924 3797
70 3932 3805
70 4008 3881
70 4076 3949
70 4106 3979
71 133 6
71 143 16
71 159 32
71 244 117
71 283 156
71 284 157
71 320 193
71 358 231
71 381 254
71 414 287
71 459 332
71 475 348
71 513 386
71 514 387
71 543 416
71 544 417
71 665 538
71 715 588
71 776 649
71 838 711
71 892 765
71 1005 878
71 1027 900
71 1041 914
71 1128 1001
71 1199 1072
71 1390 1263
71 1627 1500
71 1671 1544
71 1897 1770
71 1899 1772
71 1983 1856
71 2028 1901
71 2029 1902
71 2167 2040
71 2209 2082
71 2230 2103
71 2276 2149
71 2287 2160
71 2353 2226
71 2680 2553
71 2696 2569
71 2789 2662
71 2806 2679
71 2813 2686
71 2814 2687
71 2888 2761
71 2948 2821
71 2956 2829
71 3009 2882
71 3066 2939
71 3115 2988
71 3306 3179
71 3465 3338
71 3517 3390
71 3518 3391
71 3546 3419
71 3547 3420
71 3698 3571
71 3842 3715
71 3853 3726
71 3979 3852
71 4010 3883
72 141 14
72 144 17
72 154 27
72 232 105
72 237 110
72 260 133
72 261 134
72 264 137
72 280 153
72 327 200
72 394 267
72 418 291
72 474 347
72 501 374
72 520 393
72 550 423
72 568 441
72 569 442
72 674 547
72 692 565
72 714 587
72 825 698
72 826 699
72 987 860
72 1019 892
72 1039 912
72 1040 913
72 1112 985
72 1153 1026
72 1155 1028
72 1192 1065
72 1206 1079
72 1279 1152
72 1280 1153
72 1314 1187
72 1408 1281
72 1409 1282
72 1461 1334
72 1546 1419
72 1688 1561
72 1768 1641
72 1866 1739
72 1943 1816
72 2036 1909
72 2172 2045
72 2395 2268
72 2740 2613
72 2840 2713
72 2842 2715
72 2843 2716
72 2952 2825
72 3088 2961
72 3089 2962
72 3095 2968
72 3244 3117
72 3333 3206
72 3522 3395
72 3523 3396
72 3554 3427
72 3652 3525
72 3843 3716
72 4011 3884
73 132 5
73 228 101
73 274 147
73 704 577
73 767 640
73 842 715
73 891 764
73 1100 973
73 1111 984
73 1114 987
73 1138 1011
73 1179 1052
73 1204 1077
73 1262 1135
73 1283 1156
73 1335 1208
73 1377 1250
73 1535 1408
73 1739 1612
73 1755 1628
73 1778 1651
73 1821 1694
73 1865 1738
73 1947 1820
73 1994 1867
73 2093 1966
73 2174 2047
73 2348 2221
73 2421 2294
73 2451 2324
73 2606 2479
73 2643 2516
73 2649 2522
73 2798 2671
73 2998 2871
73 3000 2873
73 3331 3204
73 3361 3234
73 3368 3241
73 3398 3271
73 3416 3289
73 3453 3326
73 3454 3327
73 3455 3328
73 3463 3336
73 3495 3368
73 3501 3374
73 3606 3479
73 3625 3498
73 3663 3536
73 3681 3554
73 3683 3556
73 3697 3570
73 3705 3578
73 3706 3579
73 3718 3591
73 3721 3594
73 3811 3684
73 3812 3685
73 3846 3719
73 3860 3733
73 4043 3916
73 4044 3917
74 294 167
74 779 652
74 802 675
74 803 676
74 947 820
74 1057 930
74 1059 932
74 1126 999
74 1167 1040
74 1175 1048
74 1190 1063
74 1218 1091
74 1242 1115
74 1243 1116
74 1354 1227
74 1378 1251
74 1497 1370
74 1562 1435
74 1563 1436
74 1626 1499
74 1649 1522
74 1686 1559
74 1741 1614
74 1764 1637
74 1765 1638
74 1786 1659
74 1809 1682
74 1926 1799
74 2289 2162
74 2342 2215
74 2360 2233
74 2573 2446
74 2660 2533
74 2726 2599
74 2749 2622
74 2766 2639
74 2779 2652
74 2866 2739
74 2942 2815
74 2944 2817
74 2951 2824
74 2954 2827
74 2969 2842
74 2970 2843
74 2978 2851
74 3048 2921
74 3050 2923
74 3094 2967
74 3281 3154
74 3356 3229
74 3373 3246
74 3515 3388
74 3519 3392
74 3726 3599
74 3776 3649
74 3782 3655
74 3917 3790
74 3982 3855
74 3983 3856
74 4001 3874
74 4054 3927
74 4056 3929
75 630 503
75 631 504
75 881 754
75 1004 877
75 1081 954
75 1271 1144
75 1356 1229
75 1363 1236
75 1388 1261
75 1389 1262
75 1488 1361
75 1542 1415
75 1560 1433
75 1595 1468
75 1604 1477
75 1712 1585
75 1715 1588
75 1783 1656
75 1828 1701
75 1925 1798
75 2001 1874
75 2059 1932
75 2069 1942
75 2173 2046
75 2288 2161
75 2380 2253
75 2405 2278
75 2418 2291
75 2419 2292
75 2420 2293
75 2424 2297
75 2454 2327
75 2521 2394
75 2635 2508
75 2700 2573
75 2712 2585
75 2713 2586
75 2724 2597
75 2734 2607
75 2748 2621
75 2800 2673
75 3023 2896
75 3092 2965
75 3279 3152
75 3329 3202
75 3342 3215
75 3441 3314
75 3451 3324
75 3704 3577
75 3777 3650
75 3778 3651
75 3779 3652
75 3780 3653
75 3824 3697
75 3825 3698
75 3826 3699
75 3847 3720
75 3863 3736
75 3939 3812
75 4053 3926
75 4097 3970
75 4110 3983
75 4113 3986
76 310 183
76 521 394
76 522 395
76 608 481
76 633 506
76 731 604
76 732 605
76 733 606
76 1080 953
76 1193 1066
76 1194 1067
76 1333 1206
76 1352 1225
76 1481 1354
76 1719 1592
76 1813 1686
76 1814 1687
76 2177 2050
76 2425 2298
76 2426 2299
76 2427 2300
76 2494 2367
76 2717 2590
76 2854 2727
76 2886 2759
76 2895 2768
76 2929 2802
76 3271 3144
76 3272 3145
76 3280 3153
76 3452 3325
76 3461 3334
76 3462 3335
76 3514 3387
76 3516 3389
76 3633 3506
76 3659 3532
76 3699 3572
76 3719 3592
76 3720 3593
76 3723 3596
76 3724 3597
76 3848 3721
76 3849 3722
76 4071 3944
76 4073 3946
76 4075 3948
76 4078 3951
76 4082 3955
76 4083 3956
76 4085 3958
76 4086 3959
76 4089 3962
76 4090 3963
76 4092 3965
76 4093 3966
76 4094 3967
76 4095 3968
76 4115 3988
76 4116 3989
76 4118 3991
76 4119 3992
77 127 0
77 138 11
77 139 12
77 606 479
77 669 542
77 695 568
77 696 569
77 982 855
77 1078 951
77 1296 1169
77 1334 1207
77 1369 1242
77 1569 1442
77 1575 1448
77 1597 1470
77 1727 1600
77 1803 1676
77 1804 1677
77 1822 1695
77 1969 1842
77 2058 1931
77 2112 1985
77 2251 2124
77 2256 2129
77 2277 2150
77 2316 2189
77 2319 2192
77 2382 2255
77 2555 2428
77 2621 2494
77 2684 2557
77 2685 2558
77 2718 2591
77 2719 2592
77 2736 2609
77 2756 2629
77 2765 2638
77 2767 2640
77 2829 2702
77 2919 2792
77 2945 2818
77 2946 2819
77 2979 2852
77 3017 2890
77 3018 2891
77 3020 2893
77 3021 2894
77 3022 2895
77 3052 2925
77 3056 2929
77 3291 3164
77 3346 3219
77 3374 3247
77 3375 3248
77 3480 3353
77 3481 3354
77 3482 3355
77 3483 3356
77 3484 3357
77 3504 3377
77 4103 3976
77 4105 3978
78 883 756
78 884 757
78 1042 915
78 1160 1033
78 1332 1205
78 1407 1280
78 1658 1531
78 1717 1590
78 1823 1696
78 2015 1888
78 2037 1910
78 2176 2049
78 2248 2121
78 2671 2544
78 2672 2545
78 2676 2549
78 2790 2663
78 2805 2678
78 2832 2705
78 2894 2767
78 2943 2816
78 2965 2838
78 3069 2942
78 3136 3009
78 3246 3119
78 3270 3143
78 3273 3146
78 3283 3156
78 3330 3203
78 3338 3211
78 3386 3259
78 3389 3262
78 3394 3267
78 3395 3268
78 3396 3269
78 3397 3270
78 3430 3303
78 3449 3322
78 3467 3340
78 3541 3414
78 3620 3493
78 3621 3494
78 3667 3540
78 3700 3573
78 3701 3574
78 3702 3575
78 3703 3576
78 3775 3648
78 3845 3718
78 3865 3738
78 3894 3767
78 3920 3793
78 3928 3801
78 3929 3802
78 3930 3803
78 4079 3952
78 4080 3953
78 4087 3960
78 4091 3964
78 4100 3973
78 4101 3974
78 4102 3975
79 170 43
79 185 58
79 328 201
79 438 311
79 1180 1053
79 1392 1265
79 1572 1445
79 1596 1469
79 1850 1723
79 2017 1890
79 2192 2065
79 2303 2176
79 2313 2186
79 2388 2261
79 2389 2262
79 2411 2284
79 2498 2371
79 2510 2383
79 2588 2461
79 2605 2478
79 2615 2488
79 2627 2500
79 2638 2511
79 2639 2512
79 2650 2523
79 2747 2620
79 2772 2645
79 2788 2661
79 2882 2755
79 2885 2758
79 2957 2830
79 3014 2887
79 3068 2941
79 3078 2951
79 3134 3007
79 3137 3010
79 3190 3063
79 3191 3064
79 3207 3080
79 3208 3081
79 3212 3085
79 3222 3095
79 3229 3102
79 3231 3104
79 3233 3106
79 3235 3108
79 3239 3112
79 3269 3142
79 3294 3167
79 3314 3187
79 3410 3283
79 3423 3296
79 3586 3459
79 3614 3487
79 3645 3518
79 3730 3603
79 3747 3620
79 3758 3631
79 3760 3633
79 3761 3634
79 3837 3710
79 3976 3849
79 3992 3865
80 799 672
80 2018 1891
80 2403 2276
80 2481 2354
80 2513 2386
80 2532 2405
80 2565 2438
80 2949 2822
80 2976 2849
80 3079 2952
80 3080 2953
80 3163 3036
80 3189 3062
80 3192 3065
80 3193 3066
80 3201 3074
80 3202 3075
80 3203 3076
80 3204 3077
80 3206 3079
80 3209 3082
80 3210 3083
80 3211 3084
80 3213 3086
80 3214 3087
80 3215 3088
80 3216 3089
80 3217 3090
80 3218 3091
80 3219 3092
80 3220 3093
80 3223 3096
80 3225 3098
80 3226 3099
80 3227 3100
80 3228 3101
80 3230 3103
80 3232 3105
80 3234 3107
80 3236 3109
80 3238 3111
80 3240 3113
80 3242 3115
80 3674 3547
80 3735 3608
80 3737 3610
80 3738 3611
80 3739 3612
80 3740 3613
80 3744 3617
80 3746 3619
80 3748 3621
80 3749 3622
80 3750 3623
80 3751 3624
80 3752 3625
80 3756 3629
80 3757 3630
80 3759 3632
80 3763 3636
80 3764 3637
80 3765 3638
81 151 24
81 157 30
81 303 176
81 573 446
81 648 521
81 877 750
81 941 814
81 1157 1030
81 1319 1192
81 1475 1348
81 1537 1410
81 1936 1809
81 2030 1903
81 2038 1911
81 2050 1923
81 2068 1941
81 2110 1983
81 2151 2024
81 2193 2066
81 2194 2067
81 2197 2070
81 2215 2088
81 2217 2090
81 2218 2091
81 2221 2094
81 2308 2181
81 2312 2185
81 2331 2204
81 2358 2231
81 2409 2282
81 2488 2361
81 2634 2507
81 2640 2513
81 2645 2518
81 2654 2527
81 2678 2551
81 2695 2568
81 2801 2674
81 2850 2723
81 2904 2777
81 2914 2787
81 2953 2826
81 2971 2844
81 2996 2869
81 3013 2886
81 3334 3207
81 3351 3224
81 3402 3275
81 3419 3292
81 3471 3344
81 3543 3416
81 3550 3423
81 3575 3448
81 3602 3475
81 3603 3476
81 3616 3489
81 3628 3501
81 3632 3505
81 3691 3564
81 3802 3675
81 3820 3693
81 3973 3846
81 4084 3957
82 140 13
82 605 478
82 626 499
82 627 500
82 798 671
82 930 803
82 1038 911
82 1107 980
82 1171 1044
82 1276 1149
82 1318 1191
82 1365 1238
82 1382 1255
82 1387 1260
82 1507 1380
82 1616 1489
82 1645 1518
82 1759 1632
82 1769 1642
82 2053 1926
82 2084 1957
82 2087 1960
82 2119 1992
82 2121 1994
82 2166 2039
82 2190 2063
82 2191 2064
82 2235 2108
82 2257 2130
82 2271 2144
82 2304 2177
82 2305 2178
82 2410 2283
82 2445 2318
82 2480 2353
82 2484 2357
82 2537 2410
82 2562 2435
82 2567 2440
82 2569 2442
82 2571 2444
82 2572 2445
82 2604 2477
82 2641 2514
82 2646 2519
82 2682 2555
82 3183 3056
82 3243 3116
82 3295 3168
82 3337 3210
82 3382 3255
82 3411 3284
82 3412 3285
82 3413 3286
82 3491 3364
82 3545 3418
82 3571 3444
82 3576 3449
82 3610 3483
82 3675 3548
82 3736 3609
82 3922 3795
83 290 163
83 468 341
83 494 367
83 584 457
83 1043 916
83 1144 1017
83 1285 1158
83 1291 1164
83 1620 1493
83 1650 1523
83 1748 1621
83 1869 1742
83 1981 1854
83 2035 1908
83 2055 1928
83 2078 1951
83 2137 2010
83 2223 2096
83 2286 2159
83 2290 2163
83 2320 2193
83 2328 2201
83 2335 2208
83 2482 2355
83 2506 2379
83 2551 2424
83 2578 2451
83 2579 2452
83 2581 2454
83 2583 2456
83 2589 2462
83 2590 2463
83 2648 2521
83 2674 2547
83 2688 2561
83 2841 2714
83 2874 2747
83 2939 2812
83 2961 2834
83 2964 2837
83 3027 2900
83 3173 3046
83 3174 3047
83 3399 3272
83 3414 3287
83 3415 3288
83 3439 3312
83 3442 3315
83 3473 3346
83 3488 3361
83 3525 3398
83 3526 3399
83 3533 3406
83 3566 3439
83 3568 3441
83 3569 3442
83 3607 3480
83 3615 3488
83 3660 3533
83 3692 3565
83 3709 3582
83 3813 3686
83 4049 3922
84 182 55
84 356 229
84 583 456
84 1150 1023
84 1625 1498
84 1858 1731
84 1997 1870
84 1998 1871
84 2005 1878
84 2032 1905
84 2040 1913
84 2042 1915
84 2043 1916
84 2045 1918
84 2063 1936
84 2064 1937
84 2135 2008
84 2141 2014
84 2142 2015
84 2144 2017
84 2204 2077
84 2205 2078
84 2208 2081
84 2222 2095
84 2245 2118
84 2278 2151
84 2322 2195
84 2434 2307
84 2470 2343
84 2479 2352
84 2483 2356
84 2485 2358
84 2523 2396
84 2568 2441
84 2603 2476
84 2763 2636
84 2881 2754
84 2884 2757
84 3043 2916
84 3067 2940
84 3071 2944
84 3106 2979
84 3111 2984
84 3119 2992
84 3121 2994
84 3154 3027
84 3266 3139
84 3293 3166
84 3428 3301
84 3553 3426
84 3572 3445
84 3592 3465
84 3595 3468
84 3598 3471
84 3604 3477
84 3770 3643
84 3831 3704
84 3887 3760
84 3947 3820
84 3962 3835
84 3972 3845
84 4052 3925
85 541 414
85 610 483
85 915 788
85 1298 1171
85 1397 1270
85 1763 1636
85 1920 1793
85 1948 1821
85 1973 1846
85 1974 1847
85 1975 1848
85 1988 1861
85 1989 1862
85 2066 1939
85 2336 2209
85 2354 2227
85 2361 2234
85 2376 2249
85 2386 2259
85 2390 2263
85 2438 2311
85 2439 2312
85 2441 2314
85 2516 2389
85 2517 2390
85 2542 2415
85 2556 2429
85 2598 2471
85 2631 2504
85 2715 2588
85 2797 2670
85 2799 2672
85 2812 2685
85 2863 2736
85 2934 2807
85 3153 3026
85 3221 3094
85 3261 3134
85 3470 3343
85 3485 3358
85 3496 3369
85 3500 3373
85 3510 3383
85 3524 3397
85 3594 3467
85 3608 3481
85 3657 3530
85 3664 3537
85 3716 3589
85 3851 3724
85 3864 3737
85 3867 3740
85 3876 3749
85 3879 3752
85 3882 3755
85 3893 3766
85 3933 3806
85 3934 3807
85 3935 3808
85 3955 3828
85 3959 3832
85 4005 3878
86 1338 1211
86 1402 1275
86 1403 1276
86 1404 1277
86 1456 1329
86 1457 1330
86 1458 1331
86 1459 1332
86 2133 2006
86 2309 2182
86 2311 2184
86 2327 2200
86 2355 2228
86 2398 2271
86 2582 2455
86 2651 2524
86 2669 2542
86 2681 2554
86 2707 2580
86 2708 2581
86 2891 2764
86 2901 2774
86 2902 2775
86 2947 2820
86 3081 2954
86 3124 2997
86 3140 3013
86 3141 3014
86 3142 3015
86 3143 3016
86 3144 3017
86 3145 3018
86 3146 3019
86 3147 3020
86 3148 3021
86 3149 3022
86 3150 3023
86 3151 3024
86 3152 3025
86 3165 3038
86 3166 3039
86 3167 3040
86 3168 3041
86 3169 3042
86 3176 3049
86 3177 3050
86 3178 3051
86 3179 3052
86 3180 3053
86 3181 3054
86 3184 3057
86 3185 3058
86 3186 3059
86 3187 3060
86 3195 3068
86 3197 3070
86 3198 3071
86 3897 3770
86 3898 3771
86 3905 3778
86 3909 3782
86 3980 3853
87 250 123
87 291 164
87 333 206
87 505 378
87 580 453
87 636 509
87 689 562
87 735 608
87 906 779
87 907 780
87 908 781
87 1321 1194
87 1420 1293
87 1432 1305
87 1500 1373
87 1521 1394
87 1594 1467
87 1619 1492
87 1637 1510
87 1638 1511
87 1639 1512
87 1647 1520
87 1703 1576
87 1706 1579
87 1707 1580
87 1708 1581
87 1738 1611
87 1752 1625
87 1871 1744
87 1938 1811
87 1941 1814
87 1942 1815
87 1962 1835
87 2051 1924
87 2077 1950
87 2148 2021
87 2164 2037
87 2229 2102
87 2365 2238
87 2412 2285
87 2414 2287
87 2758 2631
87 2804 2677
87 2935 2808
87 2984 2857
87 3109 2982
87 3110 2983
87 3307 3180
87 3393 3266
87 3450 3323
87 3520 3393
87 3521 3394
87 3662 3535
87 3689 3562
87 3791 3664
87 3885 3758
87 3889 3762
87 3902 3775
87 3903 3776
87 3913 3786
87 3957 3830
87 3964 3837
87 3971 3844
88 145 18
88 319 192
88 347 220
88 350 223
88 500 373
88 502 375
88 1009 882
88 1023 896
88 1286 1159
88 1307 1180
88 1351 1224
88 1353 1226
88 1466 1339
88 1669 1542
88 1884 1757
88 1898 1771
88 2044 1917
88 2062 1935
88 2067 1940
88 2149 2022
88 2150 2023
88 2178 2051
88 2247 2120
88 2269 2142
88 2317 2190
88 2352 2225
88 2500 2373
88 2527 2400
88 2577 2450
88 2697 2570
88 2742 2615
88 2746 2619
88 2833 2706
88 2870 2743
88 2915 2788
88 2940 2813
88 3002 2875
88 3039 2912
88 3120 2993
88 3139 3012
88 3237 3110
88 3245 3118
88 3247 3120
88 3248 3121
88 3360 3233
88 3387 3260
88 3405 3278
88 3444 3317
88 3457 3330
88 3458 3331
88 3468 3341
88 3729 3602
88 3794 3667
88 3818 3691
88 3910 3783
88 3911 3784
88 3915 3788
88 3942 3815
88 3946 3819
88 3951 3824
88 3965 3838
88 3969 3842
89 281 154
89 282 155
89 288 161
89 289 162
89 649 522
89 672 545
89 791 664
89 1376 1249
89 1417 1290
89 1434 1307
89 1436 1309
89 1443 1316
89 1445 1318
89 1476 1349
89 1493 1366
89 1559 1432
89 1743 1616
89 1908 1781
89 1980 1853
89 2021 1894
89 2027 1900
89 2070 1943
89 2089 1962
89 2159 2032
89 2349 2222
89 2350 2223
89 2477 2350
89 2575 2448
89 2683 2556
89 2730 2603
89 2784 2657
89 2815 2688
89 2816 2689
89 2836 2709
89 2977 2850
89 3085 2958
89 3391 3264
89 3400 3273
89 3459 3332
89 3479 3352
89 3493 3366
89 3508 3381
89 3513 3386
89 3529 3402
89 3530 3403
89 3536 3409
89 3539 3412
89 3542 3415
89 3548 3421
89 3597 3470
89 3642 3515
89 3649 3522
89 3658 3531
89 3668 3541
89 3684 3557
89 3717 3590
89 3798 3671
89 3799 3672
89 3817 3690
89 3840 3713
89 3940 3813
89 3941 3814
89 4045 3918
90 493 366
90 504 377
90 517 390
90 563 436
90 593 466
90 596 469
90 611 484
90 613 486
90 647 520
90 683 556
90 729 602
90 790 663
90 1172 1045
90 1254 1127
90 1275 1148
90 1444 1317
90 1520 1393
90 1609 1482
90 1668 1541
90 1771 1644
90 1883 1756
90 2026 1899
90 2052 1925
90 2088 1961
90 2118 1991
90 2168 2041
90 2169 2042
90 2188 2061
90 2224 2097
90 2238 2111
90 2243 2116
90 2244 2117
90 2366 2239
90 2368 2241
90 2369 2242
90 2404 2277
90 2442 2315
90 2453 2326
90 2455 2328
90 2490 2363
90 2644 2517
90 2792 2665
90 2869 2742
90 2917 2790
90 2958 2831
90 2959 2832
90 2960 2833
90 3086 2959
90 3138 3011
90 3175 3048
90 3241 3114
90 3253 3126
90 3255 3128
90 3284 3157
90 3327 3200
90 3527 3400
90 3578 3451
90 3611 3484
90 3671 3544
90 3673 3546
90 3714 3587
90 3914 3787
91 603 476
91 663 536
91 664 537
91 710 583
91 909 782
91 931 804
91 1090 963
91 1139 1012
91 1151 1024
91 1533 1406
91 1700 1573
91 1714 1587
91 1807 1680
91 1963 1836
91 1965 1838
91 1967 1840
91 1990 1863
91 1995 1868
91 1996 1869
91 2041 1914
91 2057 1930
91 2075 1948
91 2080 1953
91 2163 2036
91 2210 2083
91 2253 2126
91 2302 2175
91 2314 2187
91 2315 2188
91 2345 2218
91 2373 2246
91 2397 2270
91 2448 2321
91 2495 2368
91 2534 2407
91 2574 2447
91 2580 2453
91 2637 2510
91 2653 2526
91 2675 2548
91 2701 2574
91 2745 2618
91 2796 2669
91 2817 2690
91 2831 2704
91 2887 2760
91 2889 2762
91 2900 2773
91 2938 2811
91 3051 2924
91 3054 2927
91 3083 2956
91 3122 2995
91 3252 3125
91 3326 3199
91 3350 3223
91 3392 3265
91 3464 3337
91 3492 3365
91 3708 3581
91 3722 3595
91 4041 3914
91 4062 3935
92 193 66
92 378 251
92 490 363
92 528 401
92 572 445
92 602 475
92 618 491
92 619 492
92 621 494
92 660 533
92 676 549
92 678 551
92 688 561
92 836 709
92 870 743
92 922 795
92 1010 883
92 1022 895
92 1067 940
92 1121 994
92 1284 1157
92 1337 1210
92 1391 1264
92 1411 1284
92 1418 1291
92 1433 1306
92 1610 1483
92 1846 1719
92 2025 1898
92 2031 1904
92 2085 1958
92 2125 1998
92 2156 2029
92 2200 2073
92 2227 2100
92 2294 2167
92 2301 2174
92 2367 2240
92 2456 2329
92 2520 2393
92 2668 2541
92 2705 2578
92 2768 2641
92 2809 2682
92 2837 2710
92 2849 2722
92 2877 2750
92 3010 2883
92 3011 2884
92 3077 2950
92 3132 3005
92 3224 3097
92 3354 3227
92 3355 3228
92 3401 3274
92 3417 3290
92 3549 3422
92 3670 3543
92 3731 3604
92 3741 3614
92 3823 3696
92 3994 3867
93 612 485
93 687 560
93 943 816
93 979 852
93 1156 1029
93 1492 1365
93 1697 1570
93 1728 1601
93 1818 1691
93 1909 1782
93 1910 1783
93 1911 1784
93 1986 1859
93 1987 1860
93 2016 1889
93 2020 1893
93 2056 1929
93 2114 1987
93 2115 1988
93 2129 2002
93 2130 2003
93 2171 2044
93 2180 2053
93 2239 2112
93 2415 2288
93 2465 2338
93 2493 2366
93 2561 2434
93 2563 2436
93 2564 2437
93 2576 2449
93 2608 2481
93 2612 2485
93 2613 2486
93 2655 2528
93 2698 2571
93 2722 2595
93 2744 2617
93 2753 2626
93 2769 2642
93 2770 2643
93 2783 2656
93 2848 2721
93 2865 2738
93 2920 2793
93 3003 2876
93 3016 2889
93 3062 2935
93 3101 2974
93 3126 2999
93 3205 3078
93 3258 3131
93 3290 3163
93 3422 3295
93 3436 3309
93 3448 3321
93 3460 3333
93 3528 3401
93 3561 3434
93 3809 3682
93 3874 3747
93 3997 3870
94 1648 1521
94 1655 1528
94 1772 1645
94 1773 1646
94 1905 1778
94 1907 1780
94 1914 1787
94 1964 1837
94 2094 1967
94 2099 1972
94 2128 2001
94 2211 2084
94 2233 2106
94 2255 2128
94 2259 2132
94 2273 2146
94 2293 2166
94 2343 2216
94 2344 2217
94 2363 2236
94 2375 2248
94 2399 2272
94 2422 2295
94 2505 2378
94 2611 2484
94 2623 2496
94 2629 2502
94 2636 2509
94 2686 2559
94 2759 2632
94 2776 2649
94 2780 2653
94 2781 2654
94 2808 2681
94 2853 2726
94 2856 2729
94 2867 2740
94 2876 2749
94 2893 2766
94 2896 2769
94 2899 2772
94 2925 2798
94 2926 2799
94 2927 2800
94 2928 2801
94 3058 2931
94 3059 2932
94 3107 2980
94 3249 3122
94 3250 3123
94 3282 3155
94 3376 3249
94 3666 3539
94 3727 3600
94 3803 3676
94 3819 3692
94 3829 3702
94 3961 3834
94 3974 3847
94 3999 3872
94 4013 3886
94 4014 3887
95 267 140
95 285 158
95 286 159
95 287 160
95 312 185
95 313 186
95 326 199
95 339 212
95 351 224
95 353 226
95 354 227
95 355 228
95 375 248
95 376 249
95 379 252
95 384 257
95 385 258
95 386 259
95 388 261
95 389 262
95 401 274
95 403 276
95 407 280
95 428 301
95 446 319
95 482 355
95 503 376
95 565 438
95 566 439
95 567 440
95 598 471
95 734 607
95 760 633
95 924 797
95 925 798
95 1122 995
95 1123 996
95 1448 1321
95 1550 1423
95 1673 1546
95 1857 1730
95 1872 1745
95 1879 1752
95 1949 1822
95 2468 2341
95 2557 2430
95 2558 2431
95 2570 2443
95 2656 2529
95 2666 2539
95 2693 2566
95 2694 2567
95 2785 2658
95 2820 2693
95 2871 2744
95 2910 2783
95 3267 3140
95 3317 3190
95 3427 3300
95 3654 3527
95 3712 3585
95 3948 3821
95 4019 3892
96 217 90
96 251 124
96 268 141
96 269 142
96 380 253
96 406 279
96 430 303
96 483 356
96 497 370
96 498 371
96 737 610
96 831 704
96 837 710
96 850 723
96 1135 1008
96 1208 1081
96 1211 1084
96 1510 1383
96 1529 1402
96 1543 1416
96 1887 1760
96 2091 1964
96 2452 2325
96 2463 2336
96 2497 2370
96 2597 2470
96 2617 2490
96 2731 2604
96 2892 2765
96 2897 2770
96 2980 2853
96 2997 2870
96 3125 2998
96 3130 3003
96 3131 3004
96 3159 3032
96 3259 3132
96 3339 3212
96 3367 3240
96 3384 3257
96 3474 3347
96 3476 3349
96 3477 3350
96 3537 3410
96 3552 3425
96 3570 3443
96 3573 3446
96 3617 3490
96 3653 3526
96 3669 3542
96 3687 3560
96 3688 3561
96 3767 3640
96 3768 3641
96 3769 3642
96 3833 3706
96 3834 3707
96 3895 3768
96 3966 3839
96 3967 3840
96 3987 3860
96 3988 3861
97 169 42
97 174 47
97 175 48
97 200 73
97 216 89
97 234 107
97 314 187
97 336 209
97 344 217
97 399 272
97 412 285
97 417 290
97 454 327
97 469 342
97 484 357
97 545 418
97 555 428
97 718 591
97 738 611
97 743 616
97 745 618
97 764 637
97 846 719
97 847 720
97 976 849
97 990 863
97 1064 937
97 1098 971
97 1104 977
97 1473 1346
97 1512 1385
97 1513 1386
97 1514 1387
97 1577 1450
97 1579 1452
97 1607 1480
97 1718 1591
97 1735 1608
97 1951 1824
97 2160 2033
97 2242 2115
97 2449 2322
97 2487 2360
97 2514 2387
97 2538 2411
97 2616 2489
97 2810 2683
97 2907 2780
97 3075 2948
97 3091 2964
97 3102 2975
97 3188 3061
97 3309 3182
97 3352 3225
97 3438 3311
97 3538 3411
97 3579 3452
97 3686 3559
97 3753 3626
97 3841 3714
97 3873 3746
97 3989 3862
97 4048 3921
98 292 165
98 293 166
98 315 188
98 317 190
98 342 215
98 343 216
98 455 328
98 537 410
98 577 450
98 578 451
98 763 636
98 765 638
98 774 647
98 949 822
98 994 867
98 1118 991
98 1119 992
98 1426 1299
98 1427 1300
98 1428 1301
98 1470 1343
98 1496 1369
98 1523 1396
98 1524 1397
98 1525 1398
98 1526 1399
98 1528 1401
98 1531 1404
98 1534 1407
98 1578 1451
98 1606 1479
98 1628 1501
98 1667 1540
98 1696 1569
98 1698 1571
98 1826 1699
98 1885 1758
98 1928 1801
98 1929 1802
98 1930 1803
98 2323 2196
98 2428 2301
98 2457 2330
98 2461 2334
98 2535 2408
98 2543 2416
98 2618 2491
98 2620 2493
98 2739 2612
98 2846 2719
98 2864 2737
98 2972 2845
98 3005 2878
98 3127 3000
98 3347 3220
98 3618 3491
98 3677 3550
98 3827 3700
98 3908 3781
98 3918 3791
98 3949 3822
98 4064 3937
99 296 169
99 421 294
99 489 362
99 530 403
99 576 449
99 717 590
99 919 792
99 1058 931
99 1300 1173
99 1326 1199
99 1327 1200
99 1631 1504
99 1777 1650
99 1859 1732
99 1916 1789
99 1918 1791
99 1932 1805
99 2006 1879
99 2008 1881
99 2090 1963
99 2102 1975
99 2103 1976
99 2104 1977
99 2136 2009
99 2216 2089
99 2267 2140
99 2340 2213
99 2374 2247
99 2433 2306
99 2507 2380
99 2524 2397
99 2525 2398
99 2530 2403
99 2566 2439
99 2786 2659
99 2793 2666
99 2821 2694
99 2967 2840
99 2989 2862
99 2992 2865
99 3006 2879
99 3008 2881
99 3012 2885
99 3035 2908
99 3036 2909
99 3040 2913
99 3042 2915
99 3060 2933
99 3063 2936
99 3072 2945
99 3114 2987
99 3164 3037
99 3507 3380
99 3544 3417
99 3643 3516
99 3710 3583
99 3958 3831
99 3990 3863
99 3991 3864
99 3993 3866
99 4009 3882
99 4050 3923
99 4067 3940
100 184 57
100 298 171
100 431 304
100 432 305
100 443 316
100 486 359
100 558 431
100 588 461
100 758 631
100 1095 968
100 1891 1764
100 1959 1832
100 1960 1833
100 1961 1834
100 1985 1858
100 2074 1947
100 2140 2013
100 2186 2059
100 2207 2080
100 2338 2211
100 2339 2212
100 2429 2302
100 2469 2342
100 2511 2384
100 2512 2385
100 2547 2420
100 2550 2423
100 2599 2472
100 2628 2501
100 2703 2576
100 2716 2589
100 2795 2668
100 2830 2703
100 2835 2708
100 2845 2718
100 2860 2733
100 2861 2734
100 2862 2735
100 2898 2771
100 2908 2781
100 2921 2794
100 2922 2795
100 2924 2797
100 2931 2804
100 2937 2810
100 2950 2823
100 2962 2835
100 2963 2836
100 2985 2858
100 2993 2866
100 3026 2899
100 3037 2910
100 3055 2928
100 3551 3424
100 3567 3440
100 3580 3453
100 3596 3469
100 3599 3472
100 3646 3519
100 3883 3756
100 4012 3885
100 4032 3905
101 164 37
101 168 41
101 171 44
101 411 284
101 447 320
101 479 352
101 499 372
101 553 426
101 571 444
101 724 597
101 824 697
101 1082 955
101 1152 1025
101 1257 1130
101 1324 1197
101 1345 1218
101 1509 1382
101 1612 1485
101 1613 1486
101 1629 1502
101 1770 1643
101 1776 1649
101 1837 1710
101 1838 1711
101 1999 1872
101 2049 1922
101 2076 1949
101 2097 1970
101 2107 1980
101 2143 2016
101 2262 2135
101 2279 2152
101 2460 2333
101 2474 2347
101 2486 2359
101 2508 2381
101 2541 2414
101 2584 2457
101 2593 2466
101 2664 2537
101 2733 2606
101 2760 2633
101 2774 2647
101 2879 2752
101 2880 2753
101 2883 2756
101 2903 2776
101 2906 2779
101 2988 2861
101 3029 2902
101 3030 2903
101 3031 2904
101 3038 2911
101 3065 2938
101 3199 3072
101 3440 3313
101 3589 3462
101 3878 3751
101 3944 3817
101 3953 3826
101 4033 3906
101 4051 3924
102 266 139
102 519 392
102 554 427
102 559 432
102 653 526
102 654 527
102 706 579
102 1083 956
102 1087 960
102 1140 1013
102 1256 1129
102 1527 1400
102 1598 1471
102 1600 1473
102 1624 1497
102 1734 1607
102 1787 1660
102 1836 1709
102 1915 1788
102 1984 1857
102 2002 1875
102 2046 1919
102 2047 1920
102 2184 2057
102 2206 2079
102 2212 2085
102 2213 2086
102 2219 2092
102 2226 2099
102 2306 2179
102 2321 2194
102 2370 2243
102 2379 2252
102 2391 2264
102 2435 2308
102 2531 2404
102 2548 2421
102 2591 2464
102 2592 2465
102 2624 2497
102 2721 2594
102 2818 2691
102 2819 2692
102 2838 2711
102 2852 2725
102 2890 2763
102 2909 2782
102 2913 2786
102 3112 2985
102 3162 3035
102 3288 3161
102 3340 3213
102 3406 3279
102 3425 3298
102 3429 3302
102 3509 3382
102 3590 3463
102 3622 3495
102 3975 3848
102 4026 3899
102 4028 3901
102 4029 3902
103 592 465
103 1068 941
103 1106 979
103 1109 982
103 1215 1088
103 1504 1377
103 1834 1707
103 1844 1717
103 1851 1724
103 1860 1733
103 1888 1761
103 1906 1779
103 2083 1956
103 2095 1968
103 2117 1990
103 2161 2034
103 2234 2107
103 2241 2114
103 2266 2139
103 2297 2170
103 2329 2202
103 2394 2267
103 2413 2286
103 2544 2417
103 2619 2492
103 2642 2515
103 2665 2538
103 2677 2550
103 2687 2560
103 2691 2564
103 2723 2596
103 2847 2720
103 2923 2796
103 2974 2847
103 3025 2898
103 3156 3029
103 3289 3162
103 3332 3205
103 3345 3218
103 3475 3348
103 3505 3378
103 3531 3404
103 3640 3513
103 3805 3678
103 3806 3679
103 3808 3681
103 3814 3687
103 3816 3689
103 3828 3701
103 3838 3711
103 3844 3717
103 3850 3723
103 3852 3725
103 3854 3727
103 3855 3728
103 3856 3729
103 3938 3811
103 4021 3894
103 4025 3898
103 4027 3900
103 4030 3903
103 4031 3904
103 4040 3913
104 240 113
104 661 534
104 670 543
104 781 654
104 819 692
104 954 827
104 974 847
104 1029 902
104 1030 903
104 1060 933
104 1086 959
104 1234 1107
104 1240 1113
104 1247 1120
104 1315 1188
104 1385 1258
104 1431 1304
104 1451 1324
104 1586 1459
104 1587 1460
104 1589 1462
104 1653 1526
104 1757 1630
104 1792 1665
104 1793 1666
104 1794 1667
104 1852 1725
104 1853 1726
104 2000 1873
104 2202 2075
104 2254 2127
104 2381 2254
104 2417 2290
104 2518 2391
104 2539 2412
104 2546 2419
104 2689 2562
104 2751 2624
104 2855 2728
104 3404 3277
104 3469 3342
104 3534 3407
104 3535 3408
104 3593 3466
104 3609 3482
104 3650 3523
104 3725 3598
104 3734 3607
104 3745 3618
104 3762 3635
104 3781 3654
104 3784 3657
104 3800 3673
104 3801 3674
104 3804 3677
104 3986 3859
104 4042 3915
104 4061 3934
104 4068 3941
104 4096 3969
104 4098 3971
104 4099 3972
105 158 31
105 242 115
105 300 173
105 515 388
105 535 408
105 549 422
105 599 472
105 719 592
105 722 595
105 744 617
105 756 629
105 805 678
105 807 680
105 821 694
105 955 828
105 991 864
105 998 871
105 999 872
105 1031 904
105 1044 917
105 1045 918
105 1046 919
105 1047 920
105 1048 921
105 1049 922
105 1050 923
105 1142 1015
105 1143 1016
105 1146 1019
105 1181 1054
105 1182 1055
105 1200 1073
105 1212 1085
105 1226 1099
105 1236 1109
105 1260 1133
105 1261 1134
105 1292 1165
105 1341 1214
105 1357 1230
105 1394 1267
105 1410 1283
105 1502 1375
105 1565 1438
105 1723 1596
105 1751 1624
105 1843 1716
105 1848 1721
105 1880 1753
105 1922 1795
105 2096 1969
105 2146 2019
105 2214 2087
105 2324 2197
105 2423 2296
105 2973 2846
105 3116 2989
105 3135 3008
105 3328 3201
105 3600 3473
105 3601 3474
105 3862 3735
105 3995 3868
106 147 20
106 152 25
106 153 26
106 246 119
106 275 148
106 299 172
106 318 191
106 349 222
106 374 247
106 419 292
106 456 329
106 463 336
106 546 419
106 547 420
106 561 434
106 562 435
106 703 576
106 716 589
106 820 693
106 888 761
106 904 777
106 929 802
106 992 865
106 1001 874
106 1008 881
106 1070 943
106 1074 947
106 1079 952
106 1085 958
106 1170 1043
106 1185 1058
106 1328 1201
106 1383 1256
106 1405 1278
106 1415 1288
106 1425 1298
106 1440 1313
106 1455 1328
106 1463 1336
106 1498 1371
106 1532 1405
106 1558 1431
106 1573 1446
106 1675 1548
106 1676 1549
106 1725 1598
106 1730 1603
106 1740 1613
106 1750 1623
106 1754 1627
106 2326 2199
106 2377 2250
106 2400 2273
106 2401 2274
106 2416 2289
106 2464 2337
106 2492 2365
106 2720 2593
106 3641 3514
106 3715 3588
106 3732 3605
106 4015 3888
107 150 23
107 425 298
107 444 317
107 589 462
107 658 531
107 778 651
107 808 681
107 809 682
107 810 683
107 811 684
107 812 685
107 814 687
107 815 688
107 852 725
107 853 726
107 857 730
107 864 737
107 865 738
107 942 815
107 950 823
107 957 830
107 962 835
107 963 836
107 965 838
107 966 839
107 984 857
107 985 858
107 1011 884
107 1016 889
107 1033 906
107 1088 961
107 1096 969
107 1164 1037
107 1219 1092
107 1228 1101
107 1237 1110
107 1238 1111
107 1329 1202
107 1342 1215
107 1460 1333
107 1468 1341
107 1469 1342
107 1472 1345
107 1482 1355
107 1483 1356
107 1484 1357
107 1508 1381
107 1530 1403
107 1580 1453
107 1608 1481
107 1614 1487
107 1630 1503
107 1672 1545
107 1713 1586
107 1737 1610
107 1749 1622
107 1799 1672
107 2670 2543
107 2824 2697
107 2918 2791
107 3506 3379
107 3672 3545
107 4020 3893
108 166 39
108 230 103
108 231 104
108 400 273
108 458 331
108 662 535
108 668 541
108 694 567
108 698 571
108 702 575
108 723 596
108 726 599
108 782 655
108 816 689
108 854 727
108 855 728
108 866 739
108 868 741
108 964 837
108 969 842
108 995 868
108 1077 950
108 1097 970
108 1137 1010
108 1162 1035
108 1163 1036
108 1187 1060
108 1220 1093
108 1239 1112
108 1305 1178
108 1331 1204
108 1343 1216
108 1414 1287
108 1471 1344
108 1515 1388
108 1557 1430
108 1571 1444
108 1583 1456
108 1591 1464
108 1689 1562
108 1726 1599
108 1736 1609
108 1782 1655
108 1811 1684
108 1892 1765
108 1893 1766
108 1919 1792
108 1923 1796
108 1927 1800
108 1955 1828
108 2458 2331
108 2459 2332
108 2499 2372
108 2622 2495
108 2755 2628
108 3096 2969
108 3564 3437
108 3711 3584
108 3755 3628
108 3783 3656
108 3792 3665
108 3881 3754
109 255 128
109 263 136
109 295 168
109 426 299
109 460 333
109 548 421
109 570 443
109 642 515
109 699 572
109 700 573
109 701 574
109 725 598
109 780 653
109 801 674
109 860 733
109 867 740
109 928 801
109 967 840
109 971 844
109 972 845
109 1017 890
109 1066 939
109 1116 989
109 1229 1102
109 1230 1103
109 1264 1137
109 1424 1297
109 1539 1412
109 1552 1425
109 1553 1426
109 1806 1679
109 1878 1751
109 1889 1762
109 1917 1790
109 2003 1876
109 2004 1877
109 2116 1989
109 2220 2093
109 2225 2098
109 2252 2125
109 2337 2210
109 2378 2251
109 2466 2339
109 2467 2340
109 2709 2582
109 2782 2655
109 2787 2660
109 2825 2698
109 2857 2730
109 2859 2732
109 2987 2860
109 3100 2973
109 3103 2976
109 3503 3376
109 3682 3555
109 3832 3705
109 3861 3734
109 3937 3810
109 3981 3854
109 4016 3889
109 4046 3919
109 4057 3930
110 218 91
110 330 203
110 331 204
110 452 325
110 480 353
110 560 433
110 650 523
110 659 532
110 751 624
110 813 686
110 851 724
110 858 731
110 859 732
110 1094 967
110 1207 1080
110 1317 1190
110 1581 1454
110 1582 1455
110 1611 1484
110 1701 1574
110 1789 1662
110 1832 1705
110 1833 1706
110 1901 1774
110 1966 1839
110 2127 2000
110 2131 2004
110 2132 2005
110 2134 2007
110 2147 2020
110 2157 2030
110 2158 2031
110 2162 2035
110 2170 2043
110 2179 2052
110 2187 2060
110 2196 2069
110 2201 2074
110 2246 2119
110 2249 2122
110 2402 2275
110 2587 2460
110 2614 2487
110 2752 2625
110 2771 2644
110 3019 2892
110 3064 2937
110 3073 2946
110 3074 2947
110 3254 3127
110 3296 3169
110 3308 3181
110 3320 3193
110 3532 3405
110 3629 3502
110 3676 3549
110 3858 3731
110 3859 3732
110 3968 3841
110 4024 3897
110 4070 3943
110 4081 3954
111 129 2
111 146 19
111 179 52
111 199 72
111 214 87
111 239 112
111 241 114
111 254 127
111 270 143
111 272 145
111 276 149
111 279 152
111 357 230
111 359 232
111 390 263
111 398 271
111 429 302
111 516 389
111 529 402
111 539 412
111 540 413
111 574 447
111 579 452
111 616 489
111 620 493
111 625 498
111 730 603
111 796 669
111 797 670
111 843 716
111 844 717
111 845 718
111 936 809
111 939 812
111 948 821
111 961 834
111 1203 1076
111 1213 1086
111 1289 1162
111 1364 1237
111 1379 1252
111 1380 1253
111 1486 1359
111 1536 1409
111 1555 1428
111 1556 1429
111 1652 1525
111 1699 1572
111 1785 1658
111 1934 1807
111 1991 1864
111 2082 1955
111 2189 2062
111 2272 2145
111 2528 2401
111 2738 2611
111 2807 2680
111 2834 2707
111 2839 2712
111 3070 2943
111 3403 3276
111 3921 3794
111 4002 3875
112 178 51
112 194 67
112 257 130
112 302 175
112 360 233
112 462 335
112 464 337
112 587 460
112 600 473
112 615 488
112 671 544
112 684 557
112 707 580
112 771 644
112 822 695
112 874 747
112 887 760
112 898 771
112 902 775
112 935 808
112 959 832
112 975 848
112 1069 942
112 1076 949
112 1101 974
112 1132 1005
112 1133 1006
112 1145 1018
112 1340 1213
112 1346 1219
112 1419 1292
112 1446 1319
112 1478 1351
112 1490 1363
112 1538 1411
112 1545 1418
112 1592 1465
112 1695 1568
112 1890 1763
112 1939 1812
112 2228 2101
112 2357 2230
112 2444 2317
112 2446 2319
112 2702 2575
112 2999 2872
112 3292 3165
112 3420 3293
112 3680 3553
112 3835 3708
112 3836 3709
112 3868 3741
112 3891 3764
112 3896 3769
112 3901 3774
112 3912 3785
112 3956 3829
112 3960 3833
112 4034 3907
112 4063 3936
112 4065 3938
112 4066 3939
113 301 174
113 508 381
113 518 391
113 525 398
113 609 482
113 617 490
113 622 495
113 623 496
113 673 546
113 675 548
113 685 558
113 686 559
113 693 566
113 711 584
113 759 632
113 770 643
113 804 677
113 818 691
113 862 735
113 917 790
113 933 806
113 934 807
113 937 810
113 944 817
113 993 866
113 1026 899
113 1055 928
113 1089 962
113 1091 964
113 1115 988
113 1149 1022
113 1159 1032
113 1174 1047
113 1221 1094
113 1222 1095
113 1232 1105
113 1251 1124
113 1253 1126
113 1266 1139
113 1308 1181
113 1309 1182
113 1339 1212
113 1360 1233
113 1412 1285
113 1413 1286
113 1462 1335
113 1499 1372
113 1505 1378
113 1574 1447
113 1585 1458
113 1603 1476
113 1634 1507
113 1635 1508
113 1742 1615
113 1810 1683
113 1817 1690
113 1824 1697
113 1896 1769
113 1913 1786
113 1924 1797
113 2300 2173
113 2407 2280
113 2408 2281
114 309 182
114 420 293
114 435 308
114 449 322
114 466 339
114 485 358
114 526 399
114 586 459
114 628 501
114 634 507
114 635 508
114 677 550
114 679 552
114 680 553
114 681 554
114 691 564
114 709 582
114 712 585
114 757 630
114 878 751
114 882 755
114 946 819
114 1012 885
114 1018 891
114 1065 938
114 1147 1020
114 1148 1021
114 1177 1050
114 1189 1062
114 1263 1136
114 1268 1141
114 1274 1147
114 1277 1150
114 1312 1185
114 1313 1186
114 1322 1195
114 1325 1198
114 1349 1222
114 1350 1223
114 1355 1228
114 1361 1234
114 1398 1271
114 1399 1272
114 1400 1273
114 1401 1274
114 1421 1294
114 1430 1303
114 1465 1338
114 1479 1352
114 1491 1364
114 1554 1427
114 1599 1472
114 1644 1517
114 1729 1602
114 1744 1617
114 1758 1631
114 1796 1669
114 1797 1670
114 1808 1681
114 1812 1685
114 1830 1703
114 1886 1759
115 224 97
115 229 102
115 413 286
115 451 324
115 461 334
115 470 343
115 607 480
115 667 540
115 705 578
115 708 581
115 1052 925
115 1072 945
115 1084 957
115 1117 990
115 1165 1038
115 1168 1041
115 1223 1096
115 1248 1121
115 1249 1122
115 1250 1123
115 1258 1131
115 1259 1132
115 1293 1166
115 1294 1167
115 1297 1170
115 1299 1172
115 1301 1174
115 1303 1176
115 1304 1177
115 1306 1179
115 1330 1203
115 1396 1269
115 1423 1296
115 1435 1308
115 1464 1337
115 1467 1340
115 1480 1353
115 1511 1384
115 1564 1437
115 1605 1478
115 1621 1494
115 1622 1495
115 1692 1565
115 1693 1566
115 1694 1567
115 1705 1578
115 1716 1589
115 1721 1594
115 1731 1604
115 1732 1605
115 1733 1606
115 1798 1671
115 1816 1689
115 1820 1693
115 1827 1700
115 1882 1755
115 1894 1767
115 1902 1775
115 1903 1776
115 1904 1777
115 1912 1785
115 1952 1825
115 1953 1826
116 130 3
116 137 10
116 644 517
116 655 528
116 697 570
116 761 634
116 766 639
116 861 734
116 873 746
116 940 813
116 945 818
116 951 824
116 952 825
116 960 833
116 977 850
116 980 853
116 981 854
116 983 856
116 988 861
116 1002 875
116 1003 876
116 1006 879
116 1035 908
116 1051 924
116 1108 981
116 1154 1027
116 1161 1034
116 1169 1042
116 1173 1046
116 1178 1051
116 1210 1083
116 1224 1097
116 1231 1104
116 1366 1239
116 1367 1240
116 1368 1241
116 1370 1243
116 1371 1244
116 1372 1245
116 1406 1279
116 1416 1289
116 1487 1360
116 1494 1367
116 1495 1368
116 1501 1374
116 1506 1379
116 1576 1449
116 1642 1515
116 1643 1516
116 1704 1577
116 1711 1584
116 1720 1593
116 1747 1620
116 1784 1657
116 1788 1661
116 1795 1668
116 1829 1702
116 1842 1715
116 1847 1720
116 1895 1768
116 1900 1773
116 1921 1794
117 192 65
117 222 95
117 415 288
117 557 430
117 652 525
117 773 646
117 783 656
117 784 657
117 788 661
117 789 662
117 792 665
117 793 666
117 794 667
117 795 668
117 800 673
117 806 679
117 817 690
117 856 729
117 863 736
117 869 742
117 890 763
117 905 778
117 938 811
117 953 826
117 970 843
117 973 846
117 996 869
117 1032 905
117 1036 909
117 1037 910
117 1053 926
117 1054 927
117 1056 929
117 1075 948
117 1216 1089
117 1255 1128
117 1265 1138
117 1302 1175
117 1310 1183
117 1311 1184
117 1362 1235
117 1374 1247
117 1375 1248
117 1381 1254
117 1393 1266
117 1429 1302
117 1449 1322
117 1450 1323
117 1474 1347
117 1477 1350
117 1503 1376
117 1566 1439
117 1567 1440
117 1568 1441
117 1570 1443
117 1593 1466
117 1615 1488
117 1746 1619
117 1800 1673
117 1801 1674
117 1825 1698
117 1835 1708
118 148 21
118 186 59
118 277 150
118 278 151
118 402 275
118 536 409
118 614 487
118 713 586
118 727 600
118 785 658
118 875 748
118 876 749
118 885 758
118 886 759
118 893 766
118 894 767
118 895 768
118 896 769
118 897 770
118 899 772
118 900 773
118 901 774
118 903 776
118 956 829
118 958 831
118 968 841
118 986 859
118 997 870
118 1061 934
118 1062 935
118 1073 946
118 1124 997
118 1125 998
118 1158 1031
118 1183 1056
118 1184 1057
118 1186 1059
118 1267 1140
118 1269 1142
118 1270 1143
118 1347 1220
118 1348 1221
118 1452 1325
118 1485 1358
118 1516 1389
118 1517 1390
118 1518 1391
118 1519 1392
118 1541 1414
118 1561 1434
118 1745 1618
118 1790 1663
118 1791 1664
118 1802 1675
118 1819 1692
118 1840 1713
118 1841 1714
118 1845 1718
118 1881 1754
118 1933 1806
118 1935 1808
118 1956 1829
119 173 46
119 325 198
119 372 245
119 433 306
119 473 346
119 594 467
119 989 862
119 1093 966
119 1188 1061
119 1227 1100
119 1344 1217
119 1442 1315
119 1617 1490
119 1762 1635
119 1831 1704
119 1849 1722
119 1954 1827
119 2033 1906
119 2260 2133
119 2265 2138
119 2310 2183
119 2450 2323
119 2462 2335
119 2515 2388
119 2559 2432
119 2626 2499
119 2647 2520
119 2679 2552
119 2725 2598
119 2732 2605
119 2754 2627
119 2778 2651
119 2823 2696
119 2826 2699
119 2868 2741
119 2872 2745
119 2873 2746
119 2875 2748
119 2878 2751
119 2916 2789
119 2930 2803
119 2932 2805
119 2955 2828
119 3032 2905
119 3033 2906
119 3034 2907
119 3041 2914
119 3093 2966
119 3113 2986
119 3263 3136
119 3264 3137
119 3315 3188
119 3322 3195
119 3377 3250
119 3378 3251
119 3379 3252
119 3380 3253
119 3511 3384
119 3512 3385
119 3591 3464
119 3639 3512
119 3788 3661
119 4035 3908
120 172 45
120 183 56
120 204 77
120 220 93
120 221 94
120 243 116
120 311 184
120 329 202
120 371 244
120 373 246
120 422 295
120 437 310
120 442 315
120 448 321
120 533 406
120 595 468
120 657 530
120 721 594
120 768 641
120 787 660
120 827 700
120 1127 1000
120 1209 1082
120 1214 1087
120 1233 1106
120 1246 1119
120 1278 1151
120 1384 1257
120 1522 1395
120 1584 1457
120 1775 1648
120 1839 1712
120 1944 1817
120 2034 1907
120 2081 1954
120 2237 2110
120 2318 2191
120 2325 2198
120 2432 2305
120 2447 2320
120 2489 2362
120 2496 2369
120 2501 2374
120 2585 2458
120 2607 2480
120 2609 2482
120 2610 2483
120 2662 2535
120 2663 2536
120 2667 2540
120 2735 2608
120 2737 2610
120 2761 2634
120 2764 2637
120 2791 2664
120 2936 2809
120 2968 2841
120 3353 3226
120 3381 3254
120 3786 3659
120 3890 3763
120 4069 3942
121 162 35
121 191 64
121 202 75
121 205 78
121 206 79
121 210 83
121 223 96
121 226 99
121 227 100
121 233 106
121 258 131
121 297 170
121 307 180
121 308 181
121 337 210
121 338 211
121 340 213
121 363 236
121 368 241
121 387 260
121 416 289
121 434 307
121 441 314
121 450 323
121 453 326
121 471 344
121 487 360
121 495 368
121 523 396
121 527 400
121 585 458
121 728 601
121 786 659
121 823 696
121 828 701
121 848 721
121 913 786
121 914 787
121 927 800
121 1014 887
121 1201 1074
121 1241 1114
121 1441 1314
121 1651 1524
121 1670 1543
121 1854 1727
121 1856 1729
121 1931 1804
121 2145 2018
121 2185 2058
121 2471 2344
121 2472 2345
121 2529 2402
121 2553 2426
121 2554 2427
121 2625 2498
121 2728 2601
121 2802 2675
121 3443 3316
121 3647 3520
121 3793 3666
121 3877 3750
121 4047 3920
122 188 61
122 203 76
122 238 111
122 247 120
122 248 121
122 249 122
122 259 132
122 348 221
122 370 243
122 465 338
122 467 340
122 509 382
122 590 463
122 754 627
122 849 722
122 880 753
122 1316 1189
122 1646 1519
122 1873 1746
122 1877 1750
122 1958 1831
122 1978 1851
122 1979 1852
122 2054 1927
122 2079 1952
122 2105 1978
122 2106 1979
122 2108 1981
122 2109 1982
122 2111 1984
122 2113 1986
122 2182 2055
122 2332 2205
122 2341 2214
122 2347 2220
122 2362 2235
122 2383 2256
122 2384 2257
122 2473 2346
122 2475 2348
122 2476 2349
122 2522 2395
122 2533 2406
122 2549 2422
122 2552 2425
122 2690 2563
122 2692 2565
122 2822 2695
122 2986 2859
122 3047 2920
122 3105 2978
122 3301 3174
122 3313 3186
122 3383 3256
122 3437 3310
122 3563 3436
122 3574 3447
122 3588 3461
122 3713 3586
122 3789 3662
122 3875 3748
122 4039 3912
123 135 8
123 142 15
123 160 33
123 161 34
123 176 49
123 180 53
123 181 54
123 187 60
123 212 85
123 213 86
123 215 88
123 236 109
123 262 135
123 271 144
123 316 189
123 324 197
123 334 207
123 335 208
123 391 264
123 397 270
123 405 278
123 408 281
123 409 282
123 472 345
123 477 350
123 478 351
123 488 361
123 524 397
123 534 407
123 538 411
123 556 429
123 656 529
123 690 563
123 739 612
123 740 613
123 749 622
123 750 623
123 752 625
123 833 706
123 835 708
123 912 785
123 916 789
123 921 794
123 1020 893
123 1103 976
123 1110 983
123 1131 1004
123 1205 1078
123 1544 1417
123 1551 1424
123 1641 1514
123 1992 1865
123 2007 1880
123 2019 1892
123 2024 1897
123 2123 1996
123 2195 2068
123 2263 2136
123 2284 2157
123 2714 2587
123 4036 3909
123 4037 3910
123 4038 3911
124 131 4
124 155 28
124 156 29
124 163 36
124 165 38
124 189 62
124 190 63
124 196 69
124 197 70
124 198 71
124 201 74
124 207 80
124 208 81
124 209 82
124 211 84
124 219 92
124 225 98
124 235 108
124 256 129
124 265 138
124 332 205
124 345 218
124 346 219
124 352 225
124 364 237
124 369 242
124 377 250
124 393 266
124 395 268
124 404 277
124 423 296
124 424 297
124 440 313
124 445 318
124 481 354
124 511 384
124 512 385
124 551 424
124 552 425
124 564 437
124 575 448
124 753 626
124 918 791
124 926 799
124 932 805
124 1028 901
124 1071 944
124 1099 972
124 1102 975
124 1136 1009
124 1244 1117
124 1290 1163
124 1447 1320
124 1781 1654
124 1815 1688
124 1868 1741
124 1870 1743
124 2122 1995
124 2600 2473
124 2630 2503
124 2727 2600
124 2851 2724
125 167 40
125 177 50
125 245 118
125 304 177
125 305 178
125 306 179
125 322 195
125 365 238
125 367 240
125 410 283
125 436 309
125 476 349
125 542 415
125 601 474
125 604 477
125 747 620
125 830 703
125 832 705
125 834 707
125 889 762
125 1000 873
125 1024 897
125 1245 1118
125 1323 1196
125 1373 1246
125 1722 1595
125 1957 1830
125 2060 1933
125 2154 2027
125 2203 2076
125 2270 2143
125 2298 2171
125 2372 2245
125 2406 2279
125 2502 2375
125 2509 2382
125 2545 2418
125 2657 2530
125 2658 2531
125 2743 2616
125 2762 2635
125 2794 2667
125 2803 2676
125 2828 2701
125 2858 2731
125 2994 2867
125 2995 2868
125 3123 2996
125 3182 3055
125 3385 3258
125 3424 3297
125 3447 3320
125 3627 3500
125 3648 3521
125 3685 3558
125 3790 3663
125 3952 3825
125 3954 3827
125 3963 3836
125 3984 3857
125 3985 3858
125 3998 3871
126 273 146
126 427 300
126 597 470
126 736 609
126 742 615
126 1007 880
126 1034 907
126 1120 993
126 1141 1014
126 1273 1146
126 1489 1362
126 1623 1496
126 1982 1855
126 2039 1912
126 2061 1934
126 2065 1938
126 2071 1944
126 2086 1959
126 2120 1993
126 2124 1997
126 2126 1999
126 2153 2026
126 2155 2028
126 2165 2038
126 2198 2071
126 2199 2072
126 2231 2104
126 2232 2105
126 2236 2109
126 2240 2113
126 2258 2131
126 2261 2134
126 2280 2153
126 2281 2154
126 2299 2172
126 2307 2180
126 2440 2313
126 2443 2316
126 2478 2351
126 2519 2392
126 2540 2413
126 2586 2459
126 2601 2474
126 2602 2475
126 2632 2505
126 2652 2525
126 2704 2577
126 2706 2579
126 2710 2583
126 2711 2584
126 2975 2848
126 3007 2880
126 3028 2901
126 3076 2949
126 3200 3073
126 3251 3124
126 3421 3294
126 3472 3345
126 3478 3351
126 3797 3670
126 3900 3773
126 3904 3777
